50
1222
0 442 537
1 767 255
2 674 221
3 838 969
4 302 279
5 450 899
6 587 535
7 769 410
8 326 509
9 758 691
10 458 700
11 969 672
12 603 561
13 698 862
14 458 386
15 987 567
16 474 670
17 393 432
18 784 599
19 663 740
20 632 214
21 796 733
22 735 550
23 888 839
24 977 208
25 471 488
26 831 833
27 428 384
28 876 269
29 625 900
30 997 461
31 311 483
32 803 431
33 874 590
34 398 752
35 264 388
36 719 347
37 962 706
38 751 403
39 277 718
40 782 786
41 551 849
42 627 247
43 634 629
44 543 248
45 947 418
46 807 775
47 356 405
48 814 950
49 467 454
13 44 488
12 16 872
47 44 359
37 27 346
27 30 527
4 48 181
30 26 58
38 26 779
4 0 924
28 33 849
44 27 914
38 31 371
26 8 488
7 3 943
8 4 246
29 28 843
7 9 591
37 36 752
20 39 683
43 32 402
26 24 792
18 23 696
35 4 756
7 14 695
16 9 644
37 26 425
49 37 577
32 16 447
8 21 655
19 36 972
46 23 414
26 48 763
26 11 450
5 36 361
47 41 763
23 24 768
10 46 323
48 13 776
0 13 167
7 28 326
21 6 310
2 30 421
17 34 559
28 38 392
9 2 437
21 7 664
45 10 234
17 18 606
10 27 350
6 46 972
26 2 704
13 41 165
23 43 304
11 1 264
30 35 490
4 12 111
18 13 357
29 36 86
25 32 187
26 0 206
34 47 70
19 43 575
10 38 890
11 34 917
3 15 323
33 3 471
16 27 749
11 5 620
23 47 142
29 3 321
16 5 370
22 2 877
35 48 414
5 33 325
12 29 865
5 32 129
28 49 669
31 37 739
44 17 257
10 30 872
45 13 408
36 43 330
10 6 784
41 20 324
9 42 953
29 46 241
42 22 242
4 16 419
14 35 635
26 41 824
5 34 827
20 30 209
31 45 682
40 18 237
39 44 85
25 43 713
49 4 967
11 2 478
24 48 987
44 9 263
23 6 290
47 43 456
46 5 418
40 22 485
14 47 268
24 42 398
37 23 564
15 8 370
1 5 789
40 14 901
38 0 108
12 10 602
12 30 501
45 0 237
22 17 719
19 28 808
13 26 236
0 5 242
26 25 965
3 41 290
22 33 577
7 13 769
23 7 551
23 28 971
32 15 487
0 18 511
24 3 805
18 4 938
44 36 324
9 43 417
12 20 279
26 44 142
3 35 297
25 3 532
12 40 468
39 8 53
19 29 764
10 34 616
18 31 67
37 6 733
47 17 732
4 24 979
28 2 236
41 14 749
16 29 751
32 24 991
30 36 165
39 11 266
44 11 655
49 38 269
20 21 816
29 21 213
14 38 809
19 16 652
27 6 948
16 34 383
43 4 117
9 15 178
21 4 297
14 2 495
34 25 129
34 48 957
23 39 761
24 29 673
32 28 876
20 49 888
21 38 482
41 5 498
44 15 405
16 28 650
47 39 540
7 29 97
15 49 756
31 14 112
34 32 88
34 46 206
40 46 628
18 32 102
10 3 468
23 40 792
45 17 103
22 20 519
17 11 655
34 45 936
34 14 144
19 18 344
13 20 910
42 12 116
4 17 820
13 6 231
49 29 552
14 33 239
16 21 197
41 45 158
19 47 283
3 30 485
12 46 114
7 25 95
14 1 496
29 42 776
13 4 857
42 30 489
19 5 209
32 47 797
3 5 395
28 30 905
6 17 131
34 1 473
13 32 850
24 43 842
34 36 989
30 9 796
34 27 438
41 48 147
40 0 879
37 1 241
0 30 544
32 48 79
16 3 244
3 45 803
5 4 215
6 19 429
12 6 596
8 27 199
33 43 264
37 9 157
6 41 421
26 28 370
44 10 210
1 38 312
29 17 614
6 11 133
4 31 434
14 5 618
38 30 553
14 0 988
31 47 323
43 48 868
40 35 220
18 27 413
18 45 199
2 18 294
46 44 610
20 14 787
17 43 927
11 22 56
26 32 644
22 0 873
25 19 529
16 25 710
40 15 260
9 5 405
21 0 671
49 13 406
22 19 999
35 27 142
44 14 939
16 42 994
7 2 381
30 48 293
35 47 126
18 38 934
39 41 358
49 2 113
12 49 566
6 39 789
13 29 279
17 35 504
0 28 460
5 24 979
42 39 84
46 17 393
15 42 387
48 2 903
23 8 79
19 15 260
24 40 375
38 9 366
12 28 372
35 24 973
30 37 856
12 38 560
10 18 505
8 25 374
22 34 462
39 4 950
19 17 540
42 33 386
41 34 806
26 3 983
15 34 202
17 0 79
9 13 359
30 17 800
26 12 643
14 48 379
15 31 546
38 7 444
39 29 691
49 32 774
20 17 294
15 5 698
42 8 222
42 32 177
10 1 822
41 22 618
13 12 274
26 45 135
45 2 756
38 20 626
14 8 75
1 22 780
46 8 309
22 13 123
47 1 629
41 9 313
15 14 697
19 33 292
42 27 959
37 4 903
41 4 165
46 18 164
45 25 174
43 31 236
29 8 433
16 1 208
46 15 935
14 9 992
17 49 708
20 28 382
8 11 737
38 36 689
5 30 81
27 47 509
18 5 406
30 6 342
25 24 795
45 16 502
33 34 975
1 2 352
0 48 273
5 7 673
41 11 237
44 38 408
47 33 54
45 11 548
23 2 803
42 20 638
38 6 454
17 5 523
46 24 107
49 11 882
6 1 515
39 43 138
31 41 309
47 24 200
6 43 937
29 44 695
15 17 748
27 23 648
38 40 887
12 24 946
8 43 332
21 18 605
29 43 184
44 31 987
1 20 672
42 10 248
44 40 82
9 6 580
43 45 235
35 8 773
25 13 657
42 5 314
39 3 507
48 20 912
7 17 244
3 27 770
14 27 702
33 11 668
23 13 521
24 36 445
46 20 520
10 13 914
33 20 184
25 42 366
34 39 518
2 0 937
35 33 224
10 36 794
37 7 623
4 23 134
13 5 943
20 16 670
16 41 494
44 37 895
23 5 632
19 32 595
37 15 678
10 23 325
42 19 961
48 17 375
11 21 83
2 42 617
41 40 213
19 27 63
12 35 470
18 33 110
9 24 936
16 44 457
29 37 283
29 9 225
33 26 322
20 31 786
25 6 572
18 49 915
13 3 548
48 46 215
24 34 398
7 39 449
31 48 894
4 6 499
33 30 387
15 16 696
17 39 401
49 36 377
49 42 577
0 31 215
22 16 342
13 2 376
7 11 639
30 31 610
11 20 945
5 48 374
45 6 299
4 1 615
39 10 788
21 37 169
7 19 571
39 0 407
40 26 131
8 33 943
24 28 72
39 12 348
33 29 516
0 16 394
0 15 80
38 13 216
32 22 268
10 48 959
27 0 583
48 12 194
23 34 581
41 42 868
6 36 93
19 8 704
43 1 420
16 23 855
48 21 985
24 22 761
29 25 764
35 41 737
16 46 970
30 21 757
24 16 876
2 47 634
9 49 83
4 29 422
36 21 667
31 25 322
1 41 636
13 14 567
2 5 903
2 44 170
29 20 439
0 29 260
5 44 343
37 17 649
39 1 780
34 29 526
25 33 839
49 45 911
17 36 325
46 38 690
0 42 806
10 41 814
31 11 843
15 33 265
43 10 235
25 47 805
37 33 356
10 17 438
10 31 156
30 34 105
28 43 68
27 12 896
3 0 133
20 6 183
20 7 806
35 7 700
8 22 189
35 5 839
15 13 460
8 49 781
21 31 99
48 33 425
1 12 950
29 6 652
9 8 814
33 7 768
47 46 859
2 29 557
48 11 337
9 28 537
22 29 211
20 18 994
15 2 409
16 40 196
41 24 197
11 37 841
36 13 267
22 4 897
32 17 566
48 36 150
23 25 197
33 38 572
21 5 800
20 27 147
4 9 668
34 44 268
14 4 813
29 1 233
6 47 387
33 4 924
41 37 73
8 7 366
46 49 453
13 34 293
22 45 740
21 14 823
39 40 380
27 24 327
45 47 174
19 3 922
3 47 144
19 46 596
5 29 998
29 18 877
0 44 303
6 35 499
33 9 945
21 39 59
2 3 209
26 34 312
35 9 477
47 16 832
41 43 509
6 48 350
31 27 583
36 22 118
41 33 451
14 36 993
48 29 422
37 34 53
12 8 755
39 28 230
26 4 399
24 33 269
27 48 651
42 45 695
2 8 236
27 5 53
1 33 350
15 22 836
31 24 78
37 48 228
33 0 658
16 38 495
38 34 787
36 32 462
18 35 828
42 47 643
44 33 147
32 6 419
44 3 635
19 49 145
27 15 567
26 27 150
20 44 843
4 7 344
14 37 312
37 16 467
29 15 196
27 33 768
43 0 862
35 44 568
39 38 217
42 26 634
2 31 757
2 35 119
17 8 333
5 49 571
40 29 182
7 16 688
45 8 540
21 35 726
20 4 225
17 9 249
30 16 920
22 44 789
38 41 504
24 18 862
3 9 254
36 40 567
20 0 279
30 15 767
28 6 706
34 3 527
1 13 141
9 10 758
33 16 740
46 32 784
48 23 658
3 37 548
47 21 379
48 16 307
37 13 517
27 4 861
25 41 959
27 17 98
40 31 406
40 9 638
30 32 192
43 42 81
15 47 551
38 24 896
13 39 573
47 10 910
38 22 455
3 8 986
13 42 989
17 24 966
11 27 546
21 23 783
16 11 306
46 35 566
32 40 199
10 4 689
7 10 323
0 9 843
9 20 72
2 16 107
25 30 853
14 16 335
10 25 309
49 23 911
0 32 220
21 49 789
13 21 152
30 39 376
24 45 500
14 43 387
35 42 689
2 43 998
49 35 476
36 9 424
32 11 372
38 48 331
34 40 95
31 5 134
18 3 64
8 38 704
20 10 252
1 19 801
17 2 542
49 34 50
25 44 954
36 25 753
29 45 898
18 1 90
43 16 724
15 48 473
19 12 329
19 14 474
18 26 978
15 18 275
29 23 421
9 21 969
14 3 877
19 26 911
12 25 600
5 22 949
34 9 269
22 43 391
32 33 157
45 14 86
48 42 772
28 15 484
28 22 897
18 16 848
6 49 481
42 11 289
42 6 833
20 19 929
11 10 118
32 9 150
20 8 391
17 42 237
25 22 97
10 35 970
44 7 661
3 38 627
45 35 348
32 45 262
34 18 955
45 5 391
49 41 422
38 32 644
22 3 696
12 41 756
6 16 380
26 10 294
21 17 199
44 45 886
27 32 406
1 25 534
23 30 495
26 47 346
27 45 851
29 11 211
20 35 942
46 25 339
40 7 408
24 44 872
21 45 815
47 22 584
36 2 310
1 36 225
14 11 968
0 11 726
49 47 415
2 40 555
10 8 549
49 30 368
10 16 462
31 1 380
25 39 55
23 33 435
3 42 179
28 14 841
35 23 594
26 1 788
19 9 400
36 7 265
11 15 730
19 44 636
32 10 285
3 21 423
48 3 509
25 35 94
25 18 625
17 40 227
2 38 846
25 37 197
2 10 164
46 13 875
40 28 381
38 17 406
3 46 453
25 20 324
47 37 409
37 19 53
10 33 558
20 37 638
38 4 871
47 29 787
23 14 393
22 49 266
28 17 103
29 10 859
5 20 493
27 28 67
20 45 740
40 6 476
49 26 888
1 0 742
9 25 438
1 28 964
46 0 558
34 6 370
0 24 82
30 14 856
12 3 880
30 22 117
12 2 366
21 46 705
27 9 397
32 35 861
43 13 781
16 49 760
9 39 280
35 1 209
30 41 694
33 46 983
8 16 207
46 26 849
39 32 775
19 38 824
8 44 661
25 0 938
9 11 413
33 40 761
30 29 613
1 49 837
31 3 934
38 25 513
39 27 299
32 31 713
0 37 581
46 30 728
10 15 741
41 23 566
26 17 168
36 8 580
9 1 232
45 28 170
9 22 670
41 0 510
17 1 65
10 28 541
33 6 498
1 7 504
5 6 92
12 17 54
25 28 361
35 31 82
47 38 231
24 8 972
44 23 344
4 47 173
29 35 498
31 29 422
48 44 553
39 49 698
42 21 118
14 12 605
1 46 167
41 44 824
31 13 633
3 1 345
18 22 65
31 28 658
49 7 567
3 36 120
26 5 249
40 37 661
40 45 396
2 21 778
19 24 266
26 20 952
38 23 371
30 44 435
31 7 399
4 15 115
47 48 517
36 11 295
35 19 110
36 39 639
31 8 414
7 45 103
2 20 943
40 5 694
21 15 429
21 28 438
22 46 733
43 20 960
21 19 446
0 7 598
15 20 829
12 5 382
39 31 172
37 18 1000
39 24 535
48 19 59
49 31 802
11 23 720
18 14 90
40 10 767
21 26 191
28 47 78
18 11 808
25 40 466
29 14 848
36 46 241
3 28 75
30 8 279
34 19 638
46 28 578
32 23 702
26 15 923
38 5 660
46 31 717
8 5 293
42 7 439
45 39 273
36 47 107
3 20 602
12 37 622
41 15 933
6 24 635
32 41 926
26 22 670
46 41 123
29 26 836
6 18 882
36 27 792
35 11 681
28 35 649
19 11 55
25 4 329
13 35 758
6 2 673
22 23 91
38 27 237
0 8 976
37 35 321
33 2 54
33 36 79
6 0 318
16 26 263
34 31 257
4 45 886
18 30 800
2 4 492
11 30 790
22 31 941
13 11 511
2 27 228
28 4 477
26 6 851
28 41 106
27 13 976
4 11 452
31 36 319
28 34 575
6 22 79
17 31 872
39 16 909
4 40 576
10 14 906
30 45 409
46 27 390
41 8 415
13 40 573
7 30 298
11 40 709
46 43 360
1 23 243
15 36 984
20 36 972
23 20 809
49 14 844
48 18 106
31 33 508
2 32 593
1 44 433
2 25 717
47 11 754
12 32 780
19 4 932
45 19 241
27 22 275
24 15 725
40 21 536
11 24 350
3 17 124
15 25 928
21 34 534
0 47 469
49 3 264
11 12 376
38 15 960
9 47 251
4 36 434
8 28 901
46 2 667
5 47 732
42 40 352
46 7 577
46 37 406
25 5 170
31 19 771
16 13 917
21 22 344
30 1 220
28 42 122
32 29 338
0 35 355
12 47 397
4 34 857
24 2 115
48 8 565
18 47 505
47 8 605
18 44 685
26 43 356
26 23 304
41 2 959
43 38 836
15 1 572
12 15 287
40 30 544
45 38 947
23 17 160
46 42 940
21 1 496
24 13 231
33 49 839
45 15 945
13 28 998
21 41 372
12 18 996
23 9 923
5 10 305
23 12 436
37 22 386
41 29 69
14 46 817
7 15 645
43 35 477
21 43 183
18 28 548
24 14 473
18 9 573
4 3 988
32 3 399
24 37 568
10 49 894
48 45 365
22 14 863
26 31 669
6 7 283
30 13 622
23 3 462
23 45 184
44 28 567
38 29 462
12 34 448
7 27 315
21 27 478
44 32 438
48 22 195
29 27 553
3 11 367
7 43 419
34 43 961
40 48 744
3 6 857
0 36 409
21 24 808
38 42 563
36 45 667
44 49 405
43 30 100
39 19 401
10 22 984
24 1 168
14 26 754
20 47 199
44 4 102
12 33 513
39 2 843
24 20 544
18 42 307
42 36 502
35 22 836
40 20 60
35 15 917
10 21 549
32 4 438
1 27 596
12 31 586
25 11 109
40 8 633
7 48 290
5 37 402
47 40 111
12 36 73
13 47 440
36 35 664
49 24 126
35 34 914
32 7 704
23 31 378
17 25 119
11 46 743
12 44 943
13 33 633
6 31 620
32 21 343
39 18 64
20 32 83
13 8 224
37 8 533
8 32 303
45 12 628
2 37 383
14 42 788
1 32 802
12 21 362
37 28 661
33 45 178
14 6 859
18 8 750
39 46 923
0 12 65
31 9 812
39 48 134
28 5 971
24 10 749
30 24 563
19 2 862
23 0 219
44 43 497
9 45 606
43 5 120
12 7 311
27 49 987
36 16 394
15 6 431
28 11 430
1 45 247
42 4 869
10 19 341
26 35 777
17 14 102
13 17 471
40 3 879
41 27 355
25 48 285
40 43 111
36 28 708
39 14 700
12 22 70
45 46 113
43 3 207
19 0 155
41 17 646
47 7 178
2 34 278
33 21 72
43 15 499
16 17 157
8 34 312
34 42 68
7 18 184
0 10 863
25 21 939
15 23 904
40 49 207
37 39 567
5 39 395
41 7 844
44 42 215
42 23 972
1 48 725
49 48 756
34 0 793
43 37 897
8 1 185
8 6 320
17 33 72
43 27 262
11 38 996
30 19 209
34 20 623
39 33 940
38 37 632
48 9 314
31 42 185
37 10 135
7 24 349
7 26 209
40 27 307
14 32 967
34 7 238
4 46 603
6 44 487
15 39 392
16 31 283
9 12 983
19 41 549
14 25 992
26 36 636
43 49 757
26 9 350
46 9 727
18 36 401
1 42 461
37 32 512
13 19 844
48 28 239
41 18 325
0 49 626
19 40 926
42 37 52
38 35 469
23 19 377
21 44 669
30 4 483
43 18 569
40 1 536
43 12 775
43 11 133
41 36 928
49 25 696
39 26 417
16 35 979
7 22 730
36 23 997
47 30 661
35 39 855
3
0 3 9
1 10 9
2 14 9
500
