40
777
0 529 1000
1 885 233
2 799 642
3 582 302
4 590 514
5 883 999
6 304 978
7 549 470
8 297 799
9 523 804
10 469 470
11 332 257
12 315 847
13 353 262
14 932 697
15 548 931
16 404 806
17 357 438
18 790 748
19 357 445
20 710 999
21 484 1000
22 397 202
23 606 269
24 756 475
25 516 509
26 685 723
27 933 745
28 635 642
29 791 646
30 574 991
31 462 790
32 624 219
33 483 800
34 620 354
35 389 854
36 906 768
37 588 923
38 912 550
39 775 324
23 16 843
11 5 718
9 36 978
31 12 247
0 26 134
15 13 932
39 27 908
35 16 757
33 37 981
0 8 580
35 26 776
5 2 617
27 31 847
14 19 155
6 10 441
35 6 657
8 4 269
23 7 243
7 33 308
28 16 587
3 20 97
24 13 422
35 36 396
14 9 965
21 1 854
2 24 509
38 27 956
17 30 741
10 17 643
5 16 75
5 30 994
7 0 511
28 33 637
16 39 831
18 2 788
27 18 71
1 8 167
32 29 826
15 10 677
18 25 800
4 36 797
29 39 440
30 1 431
23 1 360
11 26 150
27 8 755
0 14 169
31 6 539
33 30 843
11 31 335
34 10 969
11 39 588
8 36 984
7 31 527
4 24 352
30 32 154
34 4 659
11 2 82
11 30 585
24 32 716
25 6 172
23 39 113
3 7 432
9 18 450
32 7 276
37 32 823
38 3 473
11 19 697
0 10 424
18 37 899
30 28 253
36 28 339
12 32 750
25 31 113
34 25 934
15 20 493
1 33 57
32 2 270
19 7 670
2 31 662
7 24 176
6 28 719
2 33 304
9 31 273
8 20 315
22 32 990
36 14 525
37 6 535
38 15 490
19 12 347
33 31 765
27 4 619
37 21 881
2 10 587
28 2 757
17 4 497
5 39 344
29 18 372
27 23 748
11 27 320
10 21 549
6 18 679
21 26 634
11 22 226
25 5 679
34 18 160
34 20 464
8 2 183
22 4 405
37 20 609
4 29 982
14 7 170
0 24 794
15 18 548
26 24 959
35 34 500
25 16 947
19 25 663
22 8 516
11 36 822
15 19 563
5 31 578
18 16 880
15 34 752
15 31 152
4 14 207
0 37 302
21 14 393
16 22 561
17 15 603
25 27 731
12 2 192
39 15 422
9 39 185
30 22 783
30 4 917
3 36 273
3 26 491
30 16 315
34 38 243
12 30 298
12 4 960
6 8 367
21 15 699
30 0 452
38 36 288
4 37 339
26 13 75
19 31 123
24 15 418
28 12 886
0 32 887
22 17 152
18 26 648
15 1 394
21 38 953
20 32 361
24 35 634
2 35 144
20 12 115
33 9 392
21 11 331
36 10 295
22 3 957
16 34 862
10 7 912
25 0 256
7 29 643
3 23 839
26 9 65
5 27 414
39 8 141
35 14 995
8 34 234
10 19 161
31 35 524
28 32 326
23 22 875
26 7 926
6 23 793
12 21 319
39 20 414
17 6 189
29 15 240
37 39 104
8 3 187
20 30 534
3 29 357
5 19 930
21 27 186
27 17 663
24 9 790
9 3 441
29 37 878
7 20 722
7 34 131
11 9 912
2 14 432
15 7 347
5 24 925
1 35 352
24 19 311
11 4 808
29 0 327
26 30 989
3 39 668
8 25 110
17 11 868
33 27 99
12 7 437
14 26 378
29 28 342
19 13 982
17 12 342
1 3 788
34 24 565
19 29 601
10 16 406
0 27 450
1 10 970
23 28 625
15 16 600
33 24 245
7 13 578
38 23 473
2 1 281
15 27 60
34 36 700
17 26 407
18 33 557
22 28 778
6 4 358
7 11 750
20 38 917
24 20 786
20 23 755
6 14 481
24 1 697
1 12 57
22 1 625
17 3 204
32 3 259
0 36 993
37 14 259
21 4 635
17 8 586
3 10 932
13 39 945
27 28 199
5 35 426
16 37 453
19 0 841
8 23 341
32 9 365
1 7 100
4 15 592
10 20 183
26 10 609
12 39 541
22 14 648
23 18 876
37 26 877
0 20 856
14 33 546
30 8 581
34 23 673
35 25 350
8 24 672
30 14 332
31 36 538
33 15 552
25 2 346
31 22 929
0 18 130
20 35 739
14 16 315
22 36 673
32 8 59
39 36 92
39 26 341
4 39 709
24 37 354
2 17 684
37 35 602
1 0 909
14 27 253
20 18 397
28 17 209
33 26 190
22 24 605
21 6 837
23 31 610
27 37 460
5 32 581
26 23 648
23 12 618
32 36 594
38 11 691
1 26 139
8 28 943
15 2 104
30 18 751
25 26 293
16 3 844
34 37 93
29 22 186
29 30 860
13 27 579
31 17 986
13 12 861
32 39 753
23 0 771
2 6 379
6 15 272
19 35 810
4 3 874
20 14 388
25 21 243
20 21 533
19 37 345
18 24 923
4 1 205
6 12 77
35 28 500
38 13 363
9 34 112
10 35 221
23 30 580
27 9 801
19 18 865
28 31 74
22 12 122
6 36 472
8 38 336
5 7 836
39 2 498
38 28 991
3 13 860
0 13 370
29 16 126
22 2 679
35 29 287
25 20 754
31 34 197
34 11 819
37 5 511
37 1 105
2 29 892
10 4 675
18 8 379
34 28 205
5 4 355
38 10 565
11 14 130
16 1 784
19 33 163
28 21 849
12 35 495
9 20 315
26 4 482
19 32 745
20 28 194
36 5 748
17 23 180
27 16 843
0 22 724
20 5 943
23 10 381
39 25 691
0 38 583
34 17 451
34 21 771
13 29 827
16 9 691
10 37 802
32 18 525
12 10 81
19 30 562
18 14 488
23 4 337
21 32 118
25 10 208
18 3 699
26 16 379
3 24 351
6 22 166
26 29 709
36 19 819
25 13 542
14 39 431
26 36 795
0 17 242
19 39 437
11 18 552
6 7 86
21 31 465
32 15 402
38 29 389
8 14 711
9 10 82
6 13 162
20 4 949
8 26 618
28 3 947
38 5 542
33 38 71
38 9 965
33 13 645
24 27 574
8 7 54
17 7 331
23 21 307
35 22 67
24 17 97
5 29 981
37 7 796
35 21 626
11 16 179
14 24 484
38 14 126
9 22 953
3 30 128
16 13 785
20 2 148
13 8 593
33 25 73
26 19 333
10 24 677
12 26 120
4 25 158
20 11 298
12 33 162
30 37 332
35 4 969
16 0 624
2 23 468
36 24 197
15 5 530
11 10 92
5 21 678
9 35 899
32 33 118
38 6 508
17 9 294
6 3 738
14 17 985
7 18 283
17 13 394
0 4 104
31 29 291
26 6 465
3 37 808
34 3 920
38 24 789
1 34 102
36 30 291
7 30 476
22 21 68
38 7 183
20 16 194
15 8 636
27 20 182
25 36 948
3 31 841
5 14 91
28 5 839
1 9 969
24 30 281
7 9 718
37 11 575
1 28 402
27 3 734
34 39 53
28 14 641
14 32 851
13 31 297
37 12 266
17 33 525
29 11 310
34 2 743
23 19 653
19 2 957
29 6 801
22 33 515
14 10 567
29 17 981
26 20 624
34 26 486
22 20 477
3 33 115
6 34 558
38 25 266
36 33 544
34 22 664
38 16 747
21 2 381
28 26 554
22 18 114
34 30 547
8 9 932
38 37 989
19 1 889
27 29 833
2 26 703
35 15 935
1 5 281
2 27 915
25 29 88
9 12 207
13 1 973
11 3 665
28 4 810
14 25 369
12 0 982
17 37 833
35 0 221
8 12 964
30 31 606
26 31 58
0 11 940
17 1 912
4 2 700
16 36 347
12 5 658
13 18 531
33 29 199
3 21 773
14 31 303
19 27 335
20 33 484
15 11 404
25 32 242
36 23 462
28 25 850
31 39 172
30 39 769
32 11 974
14 1 450
3 35 864
0 34 731
3 2 546
22 26 136
13 36 662
22 27 567
28 9 190
6 19 956
1 18 990
1 25 411
17 25 927
29 1 589
18 35 333
19 3 908
15 37 648
20 36 610
30 2 708
4 9 836
33 5 945
11 25 674
5 13 218
19 34 344
3 12 149
27 32 813
0 31 530
31 10 692
36 7 297
5 3 326
31 1 331
10 13 794
21 0 852
13 32 438
8 35 718
13 37 270
11 8 756
27 35 651
20 29 548
35 32 225
1 11 99
15 25 988
31 32 244
36 21 748
21 13 401
35 33 281
36 12 986
7 21 119
26 15 730
12 24 131
25 12 899
5 26 857
16 4 855
37 22 515
21 9 362
4 18 307
18 28 970
13 30 852
4 19 695
16 33 69
10 18 482
0 9 447
2 7 707
36 15 686
8 37 655
7 35 975
0 3 330
16 7 953
36 2 888
38 2 425
16 24 320
4 13 612
13 11 250
27 36 120
29 34 948
1 20 834
21 29 260
16 12 691
24 6 416
19 9 760
21 17 415
19 16 115
15 0 862
12 38 557
6 9 59
27 7 835
37 25 908
9 30 544
30 35 457
12 11 399
3 14 853
11 6 687
5 9 829
5 18 444
9 25 633
30 38 838
31 38 662
33 8 477
18 17 569
38 17 398
29 9 370
21 30 839
1 38 655
32 10 81
8 10 346
32 6 513
3 25 458
28 13 875
21 24 759
16 31 234
5 6 846
33 21 799
33 11 537
9 13 591
39 18 183
35 11 818
15 23 375
9 2 832
18 31 894
37 9 218
23 35 864
33 10 802
2 37 646
18 12 837
22 7 933
11 24 943
5 10 326
16 8 948
30 15 903
38 32 79
20 17 288
24 31 206
38 22 539
2 0 259
36 18 218
31 20 979
32 26 323
11 23 68
28 10 77
6 20 733
12 15 432
39 10 201
23 33 580
23 25 604
30 10 745
36 17 446
15 14 202
24 39 240
4 31 346
1 39 72
32 34 972
12 27 659
13 34 855
3 15 97
28 7 84
28 15 782
6 1 468
29 10 854
17 32 812
22 13 667
2 16 831
22 19 556
6 30 695
13 20 156
35 38 968
34 12 926
33 0 107
22 5 859
37 28 816
7 4 495
36 37 732
25 7 469
34 33 962
15 22 58
10 27 899
1 32 525
1 36 498
21 16 624
7 39 117
32 23 960
4 38 953
30 27 955
25 22 149
4 32 534
19 8 665
22 39 377
39 35 858
12 29 720
5 17 349
6 33 405
13 35 948
23 24 957
21 8 441
14 29 542
21 39 569
1 27 489
6 0 506
0 5 613
21 18 938
31 8 968
5 23 765
17 16 405
2 13 494
37 23 815
13 23 139
29 36 892
4 33 948
11 28 131
33 39 325
19 21 73
39 28 701
38 26 242
19 38 602
6 16 552
9 15 896
31 37 637
23 14 213
8 29 263
25 24 891
29 24 74
14 13 67
18 38 864
20 19 516
6 27 797
39 0 82
24 28 133
12 14 63
10 22 316
16 32 970
6 39 668
28 0 609
30 25 259
35 17 468
14 34 310
39 17 759
19 28 730
27 26 637
38 39 981
5 34 166
34 27 172
23 29 159
3
0 31 9
1 15 9
2 10 9
500
