100
4947
0 333 268
1 326 806
2 853 450
3 875 846
4 789 928
5 558 329
6 227 888
7 418 808
8 886 394
9 854 780
10 888 869
11 391 283
12 290 225
13 640 378
14 628 265
15 396 259
16 804 257
17 969 704
18 704 793
19 851 897
20 542 951
21 860 301
22 411 597
23 239 338
24 694 734
25 334 593
26 950 778
27 228 365
28 496 717
29 554 707
30 435 316
31 272 749
32 775 375
33 899 320
34 432 535
35 510 359
36 283 963
37 399 613
38 417 249
39 453 846
40 265 924
41 457 259
42 459 847
43 934 278
44 939 273
45 291 557
46 288 891
47 844 397
48 741 558
49 833 272
50 301 712
51 855 207
52 255 786
53 653 862
54 259 425
55 800 374
56 499 600
57 411 312
58 340 607
59 833 449
60 843 697
61 891 527
62 647 398
63 741 922
64 508 606
65 436 916
66 684 411
67 628 417
68 769 392
69 412 685
70 648 658
71 308 618
72 800 687
73 387 652
74 256 231
75 418 621
76 645 675
77 302 875
78 525 816
79 979 354
80 854 725
81 878 722
82 904 313
83 618 263
84 831 853
85 412 311
86 950 549
87 867 853
88 253 856
89 970 802
90 609 554
91 937 745
92 892 499
93 511 738
94 320 493
95 595 608
96 891 872
97 976 745
98 247 768
99 274 761
26 2 702
54 51 961
43 24 691
37 26 665
26 66 719
8 46 405
45 27 351
63 2 400
13 70 609
91 65 417
94 80 479
97 70 94
63 90 688
48 68 987
77 75 608
66 33 368
51 52 135
38 41 125
95 87 753
5 21 159
79 10 582
36 65 144
53 70 542
17 45 144
90 66 450
97 1 293
9 10 794
34 94 578
44 55 275
8 48 459
1 29 52
0 21 304
45 88 263
27 60 610
54 12 598
50 10 367
26 51 481
31 63 600
30 31 804
1 48 774
11 94 992
48 17 408
98 64 375
45 84 608
56 53 954
76 25 740
59 78 317
76 87 686
26 45 729
34 8 293
79 60 605
51 60 247
4 87 84
18 21 920
93 67 863
93 73 512
39 78 820
81 89 273
3 25 381
91 45 456
45 70 478
54 9 333
13 91 715
54 91 253
88 9 987
85 78 557
1 92 444
42 70 367
11 49 327
32 59 308
73 71 66
21 11 325
60 56 578
19 82 802
98 76 928
71 84 768
17 67 718
2 31 837
26 57 697
72 30 893
78 97 237
59 94 713
99 58 988
25 50 549
75 2 792
22 83 507
93 30 519
0 28 327
16 18 997
86 87 753
49 24 103
36 75 713
16 5 248
24 78 612
64 56 320
31 41 150
63 58 686
37 59 262
83 43 911
57 0 168
14 18 560
7 49 245
56 82 587
11 68 428
17 73 915
3 96 78
96 32 849
83 18 59
25 7 347
83 29 652
85 38 806
42 7 105
50 69 575
90 88 490
5 57 339
26 7 348
68 6 499
83 5 982
17 68 955
74 60 55
23 27 60
16 49 955
54 25 58
51 95 528
50 99 522
70 19 445
56 63 665
60 69 692
93 47 115
15 20 625
68 69 730
0 29 90
52 66 616
34 48 191
10 95 520
89 34 730
9 12 888
62 63 705
33 23 427
63 46 839
61 45 289
90 35 430
21 51 395
8 97 242
86 39 389
62 82 241
95 29 748
73 11 576
73 5 360
30 74 229
99 14 706
33 6 356
22 37 749
13 46 630
38 97 57
21 45 373
99 72 385
98 96 403
91 95 621
88 84 90
37 48 591
12 66 59
67 41 555
4 66 89
23 45 942
78 44 510
95 70 538
53 38 544
21 95 961
2 1 959
91 94 638
5 79 339
46 87 955
35 5 234
97 9 66
77 81 995
57 33 875
90 93 658
58 80 600
9 30 580
58 72 239
25 31 59
19 7 942
5 95 453
76 64 955
50 32 79
96 16 329
82 15 939
32 56 606
1 6 98
43 71 415
74 70 103
27 72 98
37 20 198
96 62 224
29 28 914
10 67 124
70 67 70
84 14 78
70 59 892
83 70 80
16 40 434
58 30 266
4 93 811
75 61 414
75 93 993
30 84 596
85 22 120
60 15 358
56 21 859
25 16 958
40 26 707
73 43 335
47 91 145
62 52 212
58 64 255
77 79 914
47 24 320
30 25 536
15 67 770
58 55 257
75 98 728
53 1 856
23 93 176
40 8 324
98 62 356
84 33 261
48 52 268
55 19 173
21 71 526
41 76 765
63 30 538
13 37 588
39 21 226
63 32 919
58 43 821
11 96 432
16 38 931
18 46 488
79 68 529
96 7 657
7 14 61
21 22 634
27 12 680
4 81 708
38 54 212
25 42 399
20 49 845
81 50 402
87 97 795
84 97 275
96 12 99
76 57 57
14 5 304
79 73 269
5 18 571
32 79 927
89 48 108
97 65 526
1 16 330
72 34 67
75 76 229
6 9 382
53 39 788
56 31 690
62 69 727
48 86 789
39 87 423
28 76 243
97 36 627
63 17 180
89 55 179
21 36 197
18 94 649
63 55 590
92 99 502
96 22 857
14 26 400
45 41 256
81 10 851
34 44 292
88 57 265
97 7 769
96 81 423
7 46 339
41 11 859
42 22 524
55 11 445
27 99 898
39 33 114
4 68 296
86 60 616
16 74 967
23 98 807
40 7 479
38 3 429
84 89 342
85 72 365
20 79 487
86 44 966
67 47 986
77 95 154
0 56 289
92 16 115
36 19 345
54 80 800
57 51 553
67 78 776
71 57 148
23 22 832
59 80 668
7 75 497
19 37 389
6 5 627
69 22 814
57 25 579
6 71 413
20 5 666
5 42 69
40 18 243
49 70 796
42 81 569
58 16 864
52 67 872
31 21 191
14 78 991
78 63 521
9 2 285
63 42 928
29 31 56
76 61 417
96 64 624
53 93 233
61 36 513
22 49 318
89 88 987
42 28 982
85 48 958
38 78 895
61 26 485
26 62 374
30 17 247
63 1 671
71 23 726
79 7 957
90 48 90
27 4 431
25 93 811
41 47 183
60 78 154
45 52 81
11 80 308
26 46 612
24 59 439
94 78 491
31 34 250
59 81 275
3 22 548
67 22 66
0 86 886
58 29 524
35 26 922
10 69 655
61 92 444
73 36 933
38 73 756
72 80 982
21 61 716
46 57 374
91 79 903
86 90 909
73 83 443
45 47 840
70 72 416
16 66 409
38 17 346
16 76 924
11 65 933
94 24 637
10 98 584
92 77 821
91 50 774
40 68 456
79 38 254
21 43 514
19 44 921
51 94 906
12 26 465
46 86 628
86 14 229
40 81 944
30 42 975
30 11 254
48 69 556
78 10 85
91 44 296
56 25 308
80 53 804
16 78 662
92 73 82
95 71 595
92 0 738
36 14 798
85 89 888
25 90 294
10 82 590
83 31 974
81 30 848
14 3 172
82 67 294
82 14 745
74 50 762
19 10 670
7 72 506
40 72 426
84 76 419
79 98 523
54 96 927
50 28 160
85 77 619
67 57 85
85 23 837
74 73 545
73 84 788
98 1 209
44 0 456
16 65 151
50 43 325
78 9 78
87 1 110
8 65 956
86 31 66
76 31 62
37 42 481
10 33 191
33 45 552
2 35 51
22 5 541
49 99 668
85 45 264
57 79 814
72 13 919
67 42 907
41 70 841
4 30 425
7 56 554
37 87 930
96 88 123
88 23 754
32 77 215
91 28 372
93 97 166
19 68 511
93 61 212
10 43 858
0 80 332
44 10 239
57 61 830
64 22 611
52 21 528
47 77 218
75 21 270
31 67 304
31 82 298
17 75 622
37 15 603
83 57 559
8 43 113
82 24 223
62 71 289
98 24 192
17 50 83
55 59 523
28 15 106
54 76 95
78 0 431
78 53 836
2 12 497
0 79 495
42 52 396
3 66 269
86 83 692
43 87 69
55 57 877
85 40 145
68 93 176
10 45 157
63 14 173
3 62 248
36 46 151
43 63 923
64 13 979
98 70 483
86 57 512
66 77 785
98 38 844
70 52 538
95 7 889
47 74 674
30 22 359
82 50 188
55 78 896
37 17 705
58 71 93
31 32 716
39 26 718
30 64 687
29 74 240
61 72 366
43 79 774
21 86 522
53 95 340
43 0 50
98 4 834
59 86 776
89 39 367
17 70 680
59 54 784
68 29 547
43 14 720
6 83 393
61 9 970
37 61 538
45 28 689
20 72 213
49 27 492
52 90 707
38 8 627
53 34 412
46 56 585
65 84 872
55 30 62
47 13 186
53 14 839
4 69 60
27 14 990
41 50 728
7 88 319
7 50 724
46 72 800
59 91 434
9 79 688
31 79 708
63 70 479
21 87 486
67 62 436
76 49 743
80 79 384
69 3 186
23 11 776
68 39 378
83 49 393
3 55 657
69 58 208
95 1 549
18 32 449
7 74 996
29 12 764
53 5 121
31 57 725
40 20 695
89 62 722
40 35 349
65 28 895
47 96 592
2 99 777
17 13 951
92 41 531
42 45 520
70 54 173
52 36 908
75 10 858
15 64 388
88 50 355
88 83 121
76 71 539
14 70 533
61 50 706
61 97 411
77 19 70
25 39 741
3 89 997
37 90 909
65 0 62
54 98 729
66 61 195
20 80 922
86 16 989
87 16 993
83 67 391
50 89 531
24 6 661
49 56 523
47 37 200
66 13 560
12 40 627
12 70 420
26 0 671
81 70 378
21 6 725
64 44 118
90 82 840
24 68 205
65 66 115
45 83 979
61 24 437
19 39 916
12 11 841
21 8 157
2 97 862
67 49 143
86 55 675
57 14 447
24 54 492
65 40 633
44 6 875
29 51 674
88 16 315
50 2 456
38 20 163
87 20 172
85 25 259
43 27 160
50 18 631
74 26 779
28 33 992
51 92 199
64 21 255
88 75 825
8 79 608
62 93 379
24 35 717
69 54 715
97 99 627
3 7 285
68 9 989
58 37 67
31 1 779
43 85 388
22 44 968
61 32 323
55 6 606
80 1 536
17 49 445
78 2 141
68 72 741
77 43 748
19 95 592
18 6 363
68 74 727
6 69 407
9 28 155
64 77 73
26 41 632
92 42 805
46 43 792
74 43 700
94 98 334
87 30 449
65 45 382
0 60 681
76 88 553
6 16 179
44 85 431
1 46 422
21 54 874
82 47 615
53 44 718
52 65 896
19 96 517
27 87 934
83 28 115
63 45 160
44 1 359
54 99 292
88 70 596
48 59 967
65 33 825
90 13 695
97 54 806
51 4 883
18 87 75
5 81 628
99 48 693
23 82 519
91 97 616
7 12 635
55 61 971
23 47 559
20 88 443
23 20 81
83 93 537
15 95 286
35 68 251
90 24 358
50 20 684
55 94 52
63 25 421
70 51 169
2 68 952
81 21 236
53 36 178
60 36 685
18 49 658
56 6 893
70 44 106
62 34 812
96 39 297
88 28 51
81 3 162
78 75 346
49 87 118
68 46 549
7 20 709
5 50 928
4 85 278
47 29 348
45 59 89
62 2 591
97 72 226
40 19 871
25 69 795
56 93 895
46 6 701
82 72 400
34 41 853
8 72 759
85 80 778
39 71 440
52 7 912
54 27 381
45 62 750
18 78 361
25 0 86
71 52 187
6 3 771
83 19 125
44 52 838
17 60 254
63 74 193
9 60 200
68 38 150
33 64 161
2 66 782
28 71 480
82 89 846
15 58 62
73 72 221
0 50 405
63 98 593
40 10 674
95 63 653
11 78 543
62 11 701
77 67 766
63 51 695
64 88 683
84 4 116
13 83 506
90 42 683
56 71 881
56 80 239
54 33 835
30 56 608
23 81 70
77 91 634
74 17 475
38 57 712
99 26 92
47 58 185
29 27 128
34 56 468
1 22 846
67 24 876
37 0 789
75 58 826
0 42 269
39 28 189
59 61 834
98 88 405
13 49 371
22 55 275
52 85 367
48 88 612
67 11 214
40 4 150
67 37 314
64 75 586
13 34 504
44 49 940
17 85 115
38 81 352
93 36 257
19 25 107
30 83 629
24 45 657
85 11 278
23 50 158
94 3 516
80 86 313
40 1 178
88 40 726
95 75 333
76 11 195
3 39 953
98 39 582
87 56 357
98 74 963
55 9 321
23 90 244
9 13 787
67 44 361
83 61 923
36 22 914
97 32 79
47 20 419
8 76 836
74 77 664
99 82 281
71 17 606
80 29 714
23 17 189
17 16 573
27 88 458
59 39 228
32 73 633
54 6 311
50 67 631
0 53 658
4 59 118
61 52 213
45 57 938
13 38 993
65 71 707
10 29 988
44 3 770
40 80 515
71 38 642
34 21 59
91 66 694
22 12 629
19 57 471
72 22 775
86 43 337
48 9 585
5 40 50
33 99 671
79 90 389
62 46 826
62 14 531
33 32 545
88 60 547
17 7 885
1 11 184
84 37 589
78 77 812
65 60 687
57 66 148
61 13 623
7 45 530
71 5 973
91 3 635
15 24 327
98 14 961
83 37 601
33 53 835
70 29 978
34 3 781
51 15 129
41 97 590
82 60 50
43 48 788
71 74 774
45 44 191
57 35 968
60 50 583
82 83 614
46 33 78
18 92 103
36 64 132
23 96 85
39 0 64
18 17 772
5 59 228
53 87 177
20 22 437
32 83 829
73 78 293
58 21 661
21 78 251
14 97 127
41 53 826
73 18 502
4 28 124
93 77 768
27 64 552
2 4 604
72 11 830
17 3 303
90 68 313
88 15 682
14 13 881
41 89 610
1 62 69
52 50 654
60 20 642
43 59 636
43 6 93
77 3 656
24 3 344
71 20 434
10 74 603
12 41 282
13 32 416
21 41 329
39 37 536
53 72 389
46 60 785
84 19 962
85 54 582
62 0 125
79 84 72
50 78 90
10 39 780
12 80 159
42 34 379
55 72 457
63 68 750
94 42 931
82 68 975
52 22 963
70 32 153
10 32 707
53 35 82
75 65 377
24 23 254
13 4 189
50 96 990
8 94 187
20 28 162
28 56 400
73 31 520
65 46 263
29 32 103
17 82 341
41 6 767
5 70 731
73 48 713
73 60 985
89 13 705
40 52 721
72 49 679
34 66 765
56 41 863
96 97 56
39 84 427
27 11 552
19 14 188
42 66 984
25 95 395
52 15 205
15 78 490
95 42 973
79 69 222
64 95 408
10 64 933
61 40 378
26 67 448
73 1 846
40 89 573
19 9 458
79 89 768
58 81 811
5 54 739
16 62 809
33 38 300
83 47 137
66 69 285
75 79 140
13 60 628
15 59 812
79 19 761
91 20 145
92 58 938
67 8 390
67 40 464
38 86 715
77 29 948
95 94 425
28 48 158
14 10 102
4 65 414
80 60 387
36 5 753
50 53 666
80 49 655
15 48 542
33 69 165
1 37 352
82 39 115
40 53 596
18 7 179
59 44 466
41 48 823
92 86 85
99 93 351
85 67 169
53 21 724
99 57 950
99 42 635
37 12 852
94 83 883
41 8 353
97 23 648
6 36 615
78 40 91
62 79 166
14 61 791
20 1 717
91 51 763
7 24 919
37 50 208
72 79 87
30 33 493
90 60 310
62 72 146
64 62 683
92 53 510
47 50 852
87 32 856
47 85 640
73 87 528
29 21 183
5 55 228
58 4 769
36 68 779
48 80 397
47 94 289
46 99 784
46 73 699
63 93 164
81 14 120
10 12 283
52 4 516
74 45 849
0 15 851
27 1 369
62 20 751
93 10 959
10 84 762
26 48 475
68 87 728
30 70 855
62 73 692
37 27 175
51 46 978
76 86 751
7 44 83
19 29 527
46 14 112
55 80 555
40 3 168
2 96 774
12 89 846
86 40 512
11 89 547
20 63 319
38 56 757
8 15 304
60 16 510
31 49 733
26 43 252
68 49 321
97 20 452
31 26 808
91 69 482
73 95 82
61 96 769
7 81 493
86 68 701
53 48 542
80 38 871
59 97 445
74 64 825
32 38 197
41 94 261
43 65 929
46 23 587
84 43 108
35 67 556
71 7 620
56 52 783
31 39 942
42 9 547
15 73 953
28 44 614
9 5 258
36 90 803
79 14 396
19 97 768
16 54 702
51 87 495
85 37 61
26 50 171
24 36 352
8 5 274
64 2 74
80 99 763
97 34 307
90 51 847
74 96 363
1 28 594
20 58 570
31 97 604
72 60 574
86 17 248
90 10 683
46 12 389
82 79 576
34 39 1000
41 99 184
27 0 945
81 97 995
27 76 802
32 99 603
35 96 331
31 22 204
58 8 559
12 99 281
55 52 243
48 81 391
59 69 113
22 38 236
33 12 727
56 68 397
65 12 525
47 80 418
77 97 235
42 88 373
95 65 453
23 56 72
11 25 964
24 48 317
56 72 349
33 19 948
32 2 879
69 88 449
74 44 222
29 33 385
86 93 701
21 17 269
63 92 377
64 40 223
88 21 911
48 14 123
32 91 651
23 68 716
63 38 702
64 54 882
3 83 848
11 17 759
40 43 443
65 92 382
33 89 905
63 8 951
37 16 586
37 81 301
53 31 763
45 14 898
97 40 163
58 67 453
45 54 764
55 98 776
79 64 520
91 42 857
55 13 363
12 48 413
8 27 562
40 32 713
71 32 743
70 4 401
95 0 637
76 93 526
57 28 489
93 42 104
87 35 796
30 77 378
50 40 620
41 95 369
41 90 682
90 75 732
15 99 697
12 1 655
29 82 119
59 40 986
33 96 929
57 4 787
13 62 847
30 44 316
67 94 623
22 88 544
36 47 207
48 58 185
55 96 531
51 33 61
21 97 199
36 89 366
18 51 416
81 67 986
1 15 737
77 84 266
26 42 406
43 81 576
74 82 986
15 96 726
71 1 132
96 51 138
6 96 974
13 88 441
88 72 967
80 75 129
53 68 480
10 3 845
17 76 646
96 27 523
5 65 356
75 18 784
73 26 897
62 84 94
23 86 97
18 43 866
37 97 259
28 66 788
95 92 924
66 95 190
63 83 161
39 13 452
31 18 210
18 95 203
50 80 334
39 8 557
37 40 595
5 7 151
39 24 331
89 78 331
28 2 968
75 83 746
28 10 85
67 84 125
66 63 710
54 65 59
26 10 648
93 26 978
62 65 303
42 31 461
18 29 705
14 50 810
98 28 824
86 58 887
14 28 713
31 80 312
45 92 453
61 58 325
71 47 885
4 47 363
50 13 357
3 51 705
78 62 402
82 97 64
88 49 298
98 17 239
9 82 397
19 48 855
8 28 354
47 28 559
85 59 226
68 66 282
70 43 785
73 45 252
84 31 687
47 25 776
65 64 606
60 95 428
53 8 708
69 77 308
59 83 345
56 22 423
8 51 673
40 73 762
8 32 270
49 5 798
41 44 554
65 19 638
30 47 561
83 46 239
31 10 477
94 61 582
1 77 158
45 40 846
71 49 293
83 72 777
44 15 442
79 29 319
66 78 957
44 61 171
58 41 182
98 78 608
24 17 804
36 50 596
15 7 114
61 38 856
82 27 864
57 97 298
24 92 808
87 91 701
89 67 62
70 36 447
80 8 295
82 2 615
50 87 700
68 20 258
26 59 566
88 67 828
43 12 654
66 36 267
99 29 407
74 92 138
3 76 479
19 20 450
99 28 507
49 23 526
94 44 90
27 81 571
36 10 251
95 62 807
71 35 303
7 36 900
46 81 575
94 48 821
14 71 458
40 6 111
4 14 844
78 8 932
47 19 139
0 12 954
19 98 68
53 2 189
90 21 288
66 24 902
69 14 947
35 56 588
10 71 711
86 22 813
12 97 539
79 12 764
0 11 520
16 85 553
96 60 769
35 78 801
67 12 256
9 45 672
8 73 262
20 76 628
47 16 915
30 78 470
88 31 765
25 94 225
69 49 592
40 69 594
19 34 313
27 13 517
31 58 466
64 46 131
42 98 770
81 53 562
84 58 496
60 29 997
71 4 258
91 57 992
95 84 261
33 7 598
22 61 524
21 74 741
8 29 953
84 49 353
44 54 105
89 69 583
46 92 170
89 29 170
86 42 444
62 58 593
36 55 66
29 86 900
40 56 581
12 74 167
50 34 98
3 31 793
12 83 658
4 19 590
35 63 419
19 26 137
91 46 246
61 0 142
2 37 776
33 81 939
35 7 83
99 7 530
84 9 813
25 84 789
54 14 718
18 56 562
64 34 138
68 50 509
35 30 622
30 48 504
10 6 906
91 80 668
57 90 66
70 2 991
74 25 484
90 61 485
52 32 780
57 9 292
75 60 113
31 35 755
35 91 607
31 28 116
39 79 123
98 97 869
28 41 956
40 94 253
78 68 984
76 23 586
29 5 592
77 70 677
28 13 956
66 58 265
44 27 877
84 69 138
7 31 625
7 73 728
55 79 55
65 55 854
89 35 721
99 20 968
91 23 508
22 70 193
59 2 324
84 26 552
94 2 882
34 10 669
6 59 695
19 16 363
20 74 534
31 6 255
59 90 358
91 4 307
93 96 121
44 16 608
2 93 744
74 97 699
13 79 610
46 88 1000
40 29 676
47 95 926
98 12 691
96 52 743
3 99 178
43 92 757
60 30 201
57 41 443
29 25 359
12 81 722
58 24 920
46 74 116
84 36 849
65 58 947
6 60 690
74 19 96
12 92 893
8 83 491
7 30 632
87 25 775
11 37 937
50 27 733
79 6 787
87 98 195
22 81 359
69 80 412
23 70 637
21 98 89
14 35 433
80 32 820
59 89 978
78 88 890
68 7 726
77 5 756
14 49 652
30 45 303
1 90 713
72 63 591
46 38 581
12 93 885
13 26 902
34 93 829
8 87 376
78 36 496
33 24 574
93 58 104
58 7 873
39 12 669
65 73 646
70 20 60
22 15 76
18 74 866
80 96 932
19 5 846
32 67 843
77 82 590
86 61 376
93 84 506
92 78 257
56 37 258
75 42 821
56 95 197
95 85 50
3 92 387
19 71 902
75 28 612
30 36 973
81 68 474
1 26 444
94 87 159
71 24 417
63 27 701
73 22 289
42 39 813
42 50 258
75 59 221
80 5 806
77 68 330
71 53 828
91 7 840
18 96 154
79 42 545
52 64 518
10 76 291
2 52 947
13 97 853
62 97 794
56 90 901
24 99 511
67 68 808
60 40 816
56 36 221
36 11 861
81 16 403
24 80 403
96 34 980
59 88 382
83 81 617
17 99 739
71 34 443
36 3 586
33 20 80
75 94 801
79 61 913
61 71 791
7 9 708
78 12 248
24 76 996
9 43 903
71 27 854
36 92 822
51 16 979
31 51 632
74 6 108
52 6 674
85 62 789
4 72 531
15 84 762
18 64 964
28 87 214
5 78 631
0 8 669
94 88 531
39 16 937
60 14 691
54 28 575
46 24 903
63 88 494
35 34 556
55 10 673
58 26 996
1 56 397
2 21 971
85 34 516
43 91 438
28 82 71
72 93 760
53 16 671
22 62 136
73 94 624
47 35 527
22 7 528
49 6 861
59 93 721
45 81 86
84 51 216
7 6 833
82 65 735
42 59 277
83 90 431
41 69 590
47 8 88
96 75 499
80 46 392
36 17 943
75 39 507
54 78 130
6 11 202
54 63 543
76 66 368
0 47 376
7 92 875
31 12 298
84 91 226
75 97 811
78 27 331
83 53 137
38 60 903
77 76 860
79 83 416
76 78 689
76 68 821
46 39 952
71 54 500
86 26 188
84 63 852
54 66 456
72 78 967
4 18 587
15 89 121
84 11 131
83 42 508
4 92 924
98 16 795
22 66 324
56 70 690
12 32 556
27 38 523
80 16 211
8 24 679
2 44 838
8 10 757
51 88 460
0 4 951
88 35 258
25 62 805
34 68 769
15 29 81
34 77 700
27 80 567
11 20 173
80 87 50
11 63 472
69 37 197
99 25 554
73 77 966
7 11 625
45 16 949
19 38 680
31 24 682
49 91 626
66 49 931
69 75 506
69 94 770
25 18 787
52 39 522
35 70 944
56 88 698
38 1 510
20 78 867
14 9 276
52 54 546
1 57 439
70 18 818
91 67 299
66 55 603
78 25 107
9 37 114
61 43 433
80 45 907
84 38 118
34 40 79
76 21 255
77 48 539
31 38 944
79 70 65
41 87 671
73 35 646
21 25 316
46 31 924
67 33 676
32 55 64
3 53 832
87 13 453
17 87 755
74 2 62
76 97 933
32 9 63
72 98 101
96 68 629
81 98 893
47 75 634
33 34 173
7 2 971
39 22 605
54 95 760
60 32 847
46 25 189
72 39 582
27 93 487
61 31 226
62 24 614
73 27 845
30 26 508
52 19 992
50 98 923
24 89 584
31 81 446
39 36 447
23 48 908
56 47 118
78 48 88
97 43 575
36 62 619
99 98 439
26 63 199
56 33 805
68 3 330
48 31 485
86 15 581
40 14 135
12 15 133
73 41 630
20 17 210
51 62 257
86 74 672
72 29 275
26 24 219
53 79 383
9 51 220
33 44 464
48 72 871
74 51 521
54 22 296
17 9 604
51 83 63
88 29 530
37 70 945
78 64 448
57 84 366
34 30 390
9 27 224
5 39 132
12 21 225
6 80 525
89 95 486
75 48 101
35 76 994
36 29 569
22 2 537
69 35 322
13 63 720
24 2 560
83 50 807
49 28 220
50 77 696
63 21 131
71 68 233
71 42 154
2 91 706
22 47 936
96 63 218
23 54 532
62 66 233
46 76 316
39 58 225
90 91 348
62 40 67
6 37 362
73 96 707
81 57 686
4 1 730
39 76 248
83 36 974
22 63 786
49 33 351
84 78 978
62 90 426
25 15 994
18 69 993
60 49 1000
21 1 295
8 70 994
13 18 827
87 54 211
96 28 823
20 57 981
37 96 329
28 70 390
48 22 775
34 15 756
86 4 479
82 7 455
81 66 278
51 98 893
43 29 511
60 1 78
27 79 356
32 93 439
6 28 661
51 61 182
90 4 324
28 93 825
78 70 381
53 96 290
73 64 124
62 91 393
59 23 336
35 97 279
99 43 164
33 87 806
54 74 581
91 25 545
6 4 770
87 10 922
12 84 75
19 54 953
0 1 117
24 16 247
48 64 665
1 83 231
60 89 468
40 63 557
5 41 848
34 67 405
93 7 723
7 37 650
96 14 775
34 6 780
64 23 651
26 77 553
29 98 362
72 35 133
58 98 851
25 22 681
9 1 797
55 91 396
27 15 949
90 40 169
2 90 523
78 28 681
56 16 832
52 79 961
15 68 427
58 17 191
18 88 904
74 59 57
39 73 94
92 90 221
2 38 710
29 76 436
89 43 357
58 40 414
16 36 911
51 58 406
87 19 903
71 78 277
62 41 635
63 61 56
25 70 491
20 54 594
52 98 804
94 82 580
76 80 554
80 90 895
73 97 883
54 49 744
9 81 815
27 30 566
39 9 376
90 12 139
49 15 988
65 83 620
58 11 729
72 76 736
73 59 565
13 22 979
33 62 204
63 12 545
36 81 684
36 23 481
0 69 62
25 24 791
61 41 799
10 73 857
11 69 509
32 42 589
85 74 970
23 34 706
20 77 349
98 57 257
34 16 864
94 4 726
36 18 399
3 4 417
79 85 193
66 47 376
33 70 551
53 60 524
90 96 733
23 30 124
98 47 482
77 46 1000
39 91 817
92 64 999
0 35 431
93 35 300
53 62 620
17 39 89
4 62 799
99 81 636
40 87 654
48 44 680
32 15 289
88 25 634
74 62 628
52 12 642
2 10 155
64 3 230
52 24 831
61 16 936
68 45 610
71 88 779
79 28 950
63 77 194
45 36 198
62 7 803
74 1 936
1 78 288
1 7 902
69 92 759
63 80 464
12 50 664
66 93 214
66 60 365
63 91 404
98 31 385
46 49 585
75 35 808
99 6 593
18 67 249
54 60 752
74 40 623
57 3 529
21 50 693
32 27 935
60 5 819
67 14 161
40 39 598
87 79 477
44 75 610
46 95 381
56 75 822
63 97 333
47 14 826
39 93 94
72 69 102
21 89 829
8 77 895
68 12 279
35 22 992
77 61 119
5 69 929
48 21 331
36 38 321
3 26 398
33 48 565
51 72 291
94 49 72
55 47 458
28 27 95
53 74 773
33 93 121
96 91 983
95 44 628
89 44 937
42 97 584
52 99 549
39 14 771
27 52 681
56 76 118
75 46 178
2 60 926
14 24 586
66 84 572
75 6 670
16 73 984
1 84 716
25 59 472
71 66 594
72 87 601
2 98 60
53 58 94
37 43 455
55 15 897
92 54 124
4 45 767
45 66 800
69 57 590
77 11 469
0 17 70
35 17 387
74 32 548
5 51 520
29 13 453
96 83 971
16 94 65
61 47 330
44 9 552
98 91 835
16 71 582
45 49 709
51 30 628
2 6 844
64 14 148
2 71 106
83 2 754
47 9 201
94 0 837
49 42 946
92 17 128
54 94 228
41 42 801
56 69 261
72 18 163
2 19 660
31 52 322
90 98 464
89 96 362
41 80 600
86 98 282
74 34 297
59 34 264
13 71 838
63 60 780
17 56 234
65 67 758
20 65 598
75 49 650
96 13 129
75 87 882
86 97 657
48 7 793
28 30 562
20 46 847
77 24 724
15 91 647
83 64 346
15 79 824
91 31 284
89 17 133
15 2 936
48 93 649
62 56 580
2 47 650
88 30 621
21 79 983
25 81 564
52 91 486
92 52 140
5 33 236
94 86 721
1 50 575
17 46 528
41 29 173
95 3 268
56 73 167
64 90 398
46 67 56
82 58 736
35 15 235
50 29 171
64 31 768
36 0 309
74 61 688
27 56 728
34 99 328
75 57 858
88 68 332
80 77 627
14 95 756
51 85 973
93 50 325
8 90 904
87 93 858
55 2 432
95 96 423
99 74 941
87 29 650
20 59 347
16 75 505
6 30 690
99 96 65
19 18 906
98 8 297
54 32 853
78 83 366
16 46 214
28 97 892
51 56 763
63 10 856
94 84 989
29 97 768
12 71 296
74 56 451
16 0 964
82 18 77
94 65 410
75 4 864
59 84 259
29 9 942
32 75 528
65 15 196
30 39 279
71 11 757
31 89 499
60 62 284
7 34 838
4 96 782
28 55 835
37 99 954
42 11 812
62 88 166
9 75 901
15 81 626
74 41 201
45 82 844
65 32 811
87 9 209
14 31 172
51 32 405
2 57 982
20 93 331
69 1 816
36 28 633
11 48 113
5 10 350
34 11 396
38 9 106
49 50 962
44 5 149
80 52 497
18 11 722
80 33 952
29 49 840
3 80 843
39 69 95
47 49 772
79 67 574
46 40 100
40 31 800
55 68 990
13 75 594
41 3 816
29 16 946
60 7 221
0 66 317
38 23 626
16 14 262
77 31 217
78 23 949
89 27 400
5 46 326
30 18 741
1 33 206
96 43 87
15 70 200
42 24 444
5 61 53
71 81 318
96 0 141
83 40 206
69 8 996
55 67 858
87 66 176
20 4 533
24 81 391
68 37 569
50 59 648
73 2 916
34 86 61
53 82 394
89 46 689
18 52 573
0 72 992
90 32 281
59 36 316
52 5 362
16 32 599
56 12 527
18 10 819
56 54 855
28 12 178
95 22 953
52 97 389
85 30 906
5 75 837
37 57 885
55 14 142
94 5 702
63 82 982
92 44 319
68 22 771
82 33 274
4 7 421
52 95 581
1 79 590
85 42 314
1 65 545
40 77 235
67 23 116
31 19 545
13 69 176
72 84 418
75 19 437
67 71 901
98 71 520
67 38 328
74 88 121
20 10 811
5 84 874
6 77 401
73 13 838
22 18 142
11 35 214
44 42 69
79 96 75
17 19 521
90 95 316
26 76 366
15 87 592
27 90 121
26 4 325
57 40 509
27 75 188
64 69 423
46 30 586
16 12 82
71 8 887
32 64 638
12 51 314
11 57 892
88 32 205
26 11 528
16 83 98
43 39 840
86 88 665
38 74 840
80 4 923
56 77 63
79 59 729
81 75 128
20 90 405
75 68 473
88 19 106
7 51 248
13 45 116
76 53 78
38 69 543
62 47 285
75 73 61
1 47 921
58 59 521
42 38 550
72 43 424
49 37 665
99 64 402
86 37 709
69 46 820
56 89 521
27 5 86
55 24 830
28 26 456
83 85 623
35 45 337
30 59 239
27 48 307
45 15 929
90 0 550
14 11 122
24 20 675
70 57 225
95 69 526
53 73 142
77 96 735
5 13 122
11 8 562
3 23 268
41 83 421
66 14 957
46 44 713
4 74 240
36 40 570
26 72 754
74 75 285
12 42 830
72 38 839
46 85 994
51 10 752
13 36 172
20 53 654
77 28 187
92 21 264
25 1 188
11 88 476
13 59 141
78 37 248
93 89 720
89 51 374
19 66 68
83 15 561
90 28 315
68 41 396
75 34 378
12 60 621
57 74 460
63 71 429
64 8 326
80 66 88
1 17 396
56 79 425
69 30 84
9 36 442
25 14 121
52 29 76
71 51 526
34 24 962
55 76 517
20 56 824
54 72 575
33 88 413
75 72 886
63 9 814
23 15 957
22 71 606
13 16 710
85 2 794
15 57 348
1 93 346
25 71 388
29 24 538
87 14 239
83 52 143
36 32 410
65 14 962
69 90 690
75 70 974
57 22 995
97 83 265
2 11 914
5 91 739
58 76 343
92 55 710
61 65 579
10 4 788
8 30 777
48 0 714
49 73 685
26 96 384
39 7 434
98 35 807
99 61 593
87 42 105
1 89 609
29 93 193
73 86 823
16 21 480
95 30 768
95 78 846
25 8 668
16 35 531
71 0 778
35 83 56
38 7 207
62 81 235
61 73 959
18 44 394
97 39 739
82 78 285
43 31 523
65 89 437
95 36 890
83 33 500
6 70 610
62 27 902
19 13 955
34 60 176
44 79 726
86 71 475
2 34 820
52 77 859
92 28 114
37 89 460
64 51 584
86 91 117
59 60 310
43 5 105
60 77 81
71 48 573
89 83 530
28 84 212
2 87 170
71 77 211
46 79 246
87 61 741
47 31 590
45 38 601
66 97 215
6 81 886
76 90 637
76 6 929
19 89 656
21 26 953
71 46 616
79 17 639
88 26 868
31 71 748
62 54 785
93 40 492
69 16 890
18 79 410
19 3 177
58 90 528
67 9 946
37 44 947
3 78 106
23 16 922
30 57 864
53 42 584
88 5 587
25 32 430
38 96 875
32 4 567
3 33 633
34 69 361
39 47 956
98 9 59
11 64 55
55 21 664
68 47 773
53 69 854
28 51 630
93 8 241
16 22 941
55 82 960
7 87 502
76 51 720
76 67 359
79 25 997
81 82 772
28 52 622
6 86 107
24 41 378
34 57 538
90 97 597
78 79 659
47 6 782
28 22 727
13 3 660
32 21 836
85 50 502
93 88 301
19 24 123
94 1 305
72 23 930
88 41 925
99 53 792
55 33 422
86 50 119
24 87 127
5 58 607
37 63 812
85 82 476
24 4 993
74 13 914
44 35 349
78 32 313
21 70 997
27 39 373
64 87 261
1 67 473
51 79 897
51 14 926
59 71 154
88 10 61
64 82 359
92 82 183
12 73 581
73 37 567
3 60 883
4 11 784
6 38 715
94 72 984
94 58 435
19 62 332
0 87 456
61 7 139
8 42 907
36 37 852
17 69 367
65 70 382
14 91 605
27 7 222
42 33 234
60 31 605
83 9 469
64 86 997
44 90 168
76 19 921
13 54 849
61 3 674
56 97 732
49 98 100
15 90 502
55 90 514
90 26 984
9 52 245
25 66 680
36 69 580
37 25 764
58 50 729
95 39 479
33 15 835
84 44 900
95 43 921
25 53 130
18 1 363
55 8 356
26 64 502
13 57 318
68 32 627
98 11 500
61 28 711
6 53 922
56 14 988
67 56 903
16 89 909
90 70 637
82 26 144
48 79 63
6 64 563
40 21 203
34 55 667
3 18 369
31 93 874
7 67 737
47 26 838
68 62 904
78 43 621
24 79 682
11 43 409
26 95 651
34 46 611
99 94 211
58 52 585
41 81 371
24 50 96
84 70 453
88 81 857
49 55 528
2 25 335
48 84 256
26 52 866
9 99 148
69 21 896
96 46 435
69 87 104
51 6 827
15 77 356
43 4 133
65 35 474
81 1 671
14 38 584
66 98 717
74 15 334
67 51 749
41 77 142
55 31 346
99 22 399
82 96 391
0 32 104
42 29 809
15 94 311
3 85 997
50 9 796
92 49 645
61 84 297
32 86 934
10 60 686
35 82 427
76 13 764
66 37 287
50 75 122
15 13 68
62 6 145
5 96 946
3 11 100
19 32 742
2 23 530
76 18 481
63 5 520
53 51 862
92 48 354
78 47 972
42 21 332
58 10 299
40 28 379
54 82 264
83 74 713
96 21 97
32 45 158
27 55 638
22 97 774
47 65 91
32 23 815
59 0 685
67 39 140
31 4 741
13 51 676
41 46 360
66 29 932
15 97 426
57 60 379
33 86 134
75 52 90
82 20 548
25 33 851
57 12 663
68 84 519
37 18 92
13 77 945
83 0 476
30 54 805
14 68 279
83 62 450
60 26 136
35 8 586
95 35 177
30 82 457
61 27 694
17 29 402
39 70 406
62 21 323
65 90 492
72 16 907
77 94 612
2 14 842
66 74 606
99 69 882
0 91 389
72 37 653
10 72 336
26 97 188
88 0 164
91 83 453
2 49 117
85 55 458
9 58 548
2 0 125
67 29 554
63 33 406
4 95 197
53 27 698
84 55 659
11 91 760
66 79 278
92 80 749
24 73 500
9 86 405
83 60 201
22 32 847
68 52 148
15 40 155
70 48 200
59 7 439
60 4 67
34 32 249
3 58 441
35 81 363
82 71 680
5 15 615
51 65 95
84 92 265
49 63 505
59 72 733
33 35 100
2 84 675
86 7 400
57 16 272
87 99 788
54 53 945
50 4 194
82 43 990
15 63 602
12 4 601
3 9 833
36 79 863
57 18 242
30 13 261
43 68 965
14 58 480
2 13 535
98 3 925
47 87 913
29 30 970
9 85 533
99 60 128
91 99 751
88 43 737
47 99 373
88 80 979
29 94 675
12 44 505
88 85 286
34 63 927
15 11 675
42 27 54
81 93 316
38 44 86
64 67 589
40 30 897
44 20 873
84 40 811
16 41 623
66 82 519
42 13 265
24 40 502
19 45 284
43 98 363
79 30 106
15 66 356
4 35 444
61 20 674
32 47 211
95 27 754
72 96 689
92 93 243
3 65 82
28 58 780
23 18 802
39 35 74
47 69 415
31 33 532
85 26 642
82 44 975
13 78 654
80 26 90
29 85 584
32 72 73
25 48 352
13 86 245
49 1 418
70 99 579
5 64 868
97 3 169
6 25 561
37 65 675
37 5 253
23 29 831
84 83 714
20 73 602
93 52 112
9 16 94
53 88 987
42 62 665
57 52 149
76 50 778
3 45 102
50 8 436
82 75 192
58 2 152
49 38 60
50 33 544
83 95 844
10 52 116
19 42 787
66 32 714
78 69 95
94 71 819
51 47 81
93 98 722
20 98 716
69 63 317
63 89 115
84 50 664
14 6 509
96 30 326
53 29 901
3 79 742
78 80 731
22 77 882
22 33 429
37 95 866
85 31 108
41 59 230
96 59 608
8 82 482
17 2 50
83 55 207
52 30 765
43 38 733
96 71 346
98 30 768
31 92 1000
55 93 959
52 47 744
70 86 350
49 89 565
56 11 632
31 90 222
72 86 788
84 82 413
70 34 832
27 22 500
31 5 202
95 28 156
20 32 437
66 86 921
18 35 85
6 87 377
58 38 887
84 75 541
12 47 774
59 31 649
71 29 183
44 65 309
47 11 436
93 17 487
82 11 338
1 10 628
11 86 316
52 82 635
2 79 605
97 64 69
97 85 73
3 75 355
93 16 92
64 66 654
72 15 503
8 14 211
6 82 101
31 8 785
91 21 172
90 94 173
0 19 95
25 34 524
8 22 989
66 50 991
11 28 826
7 8 625
43 22 406
40 98 843
61 78 423
12 95 171
58 0 430
34 12 858
86 35 166
81 13 287
37 45 854
76 82 522
92 91 254
1 66 126
54 4 666
64 17 603
80 65 328
4 29 534
24 53 282
40 96 935
55 87 244
53 98 518
62 8 913
67 21 995
4 76 309
26 6 230
38 91 99
43 54 126
63 86 260
77 9 571
28 60 954
77 49 949
42 57 217
9 41 447
67 43 385
39 11 468
51 24 444
94 36 881
21 9 150
44 60 120
55 17 186
34 92 289
55 26 466
50 46 173
62 15 126
96 86 499
21 37 792
48 4 84
81 26 451
90 89 344
98 61 790
5 17 966
8 2 468
19 90 751
92 94 104
74 35 825
69 9 505
89 71 547
30 73 861
51 73 658
35 59 363
53 11 995
75 23 586
35 58 899
68 70 733
75 51 737
75 92 896
0 22 59
32 41 149
0 99 901
30 68 629
61 80 793
97 60 551
73 81 385
25 75 910
86 24 656
94 22 952
7 65 116
65 42 920
92 15 962
33 78 461
32 81 963
49 3 938
53 13 171
8 96 448
11 40 651
74 65 55
6 29 282
50 15 436
16 95 85
87 58 832
81 91 820
19 67 173
6 48 898
51 0 446
83 7 650
28 37 675
72 41 141
47 42 356
92 76 487
32 3 450
41 96 387
0 18 185
49 21 213
0 33 700
57 32 89
5 0 538
26 44 447
58 34 878
35 23 552
46 59 273
61 48 313
84 96 173
46 37 260
23 19 354
49 95 844
72 33 580
56 3 383
0 67 875
23 58 926
65 10 474
34 88 847
2 41 69
99 55 774
17 22 302
54 77 835
8 52 300
62 61 955
74 72 965
40 95 471
38 12 707
51 20 104
38 50 316
28 16 540
6 85 53
29 61 605
62 12 383
36 99 189
32 37 614
81 19 170
50 64 757
66 92 753
64 91 946
76 52 410
17 34 945
93 80 106
82 80 959
85 15 375
3 52 494
83 69 442
13 65 910
0 64 158
16 27 300
20 96 347
17 91 415
24 12 564
43 62 956
9 76 881
31 16 680
15 39 790
3 67 666
61 46 440
0 31 857
7 70 792
64 20 116
72 28 293
47 34 596
44 83 254
22 75 146
84 41 277
59 77 341
93 22 658
4 36 759
49 41 177
70 1 541
68 99 81
22 6 651
73 76 390
25 96 470
47 38 989
68 60 424
83 68 410
76 36 724
92 9 728
39 74 641
95 88 642
64 84 987
67 30 471
53 10 112
64 35 84
60 47 541
36 12 537
15 9 365
14 52 996
32 92 242
4 42 88
35 55 359
1 5 192
12 3 96
33 26 248
53 47 733
23 26 809
71 85 434
10 92 600
19 69 412
65 81 470
71 44 259
17 12 616
77 53 773
68 58 830
77 18 709
61 60 743
13 12 338
73 57 274
89 10 846
19 99 891
46 66 395
96 76 761
42 54 91
6 45 140
97 95 796
83 71 952
63 19 977
91 34 215
23 7 213
70 82 667
84 81 388
67 72 640
31 78 713
36 48 439
82 38 716
8 4 450
84 47 751
25 49 854
61 56 399
76 81 224
29 14 452
77 25 199
33 27 246
43 36 454
58 88 795
46 84 856
57 93 661
5 23 910
73 82 738
17 41 792
99 39 335
37 82 897
20 69 120
9 35 290
22 60 295
90 81 959
13 48 756
85 32 238
67 25 642
71 90 659
16 8 56
65 24 460
42 64 221
46 3 871
65 86 961
19 12 876
38 95 138
75 41 221
85 49 60
29 84 847
86 77 146
60 41 593
52 0 436
30 41 648
14 0 687
27 74 704
54 17 307
65 18 638
87 83 120
92 81 358
45 99 326
13 31 455
96 17 656
46 55 316
51 48 67
84 21 926
59 87 243
36 1 611
85 57 733
38 35 592
97 71 938
10 25 953
74 3 951
54 40 257
23 94 606
15 6 813
94 89 542
52 20 253
58 97 759
32 5 433
50 63 949
24 32 609
29 37 385
12 69 177
61 8 943
79 92 360
82 93 392
62 75 860
23 83 78
96 45 985
13 52 727
82 1 472
97 16 578
73 90 928
69 32 167
83 38 529
9 95 237
54 36 310
64 12 468
32 84 837
27 35 296
9 94 315
38 39 260
21 83 613
1 96 168
98 84 328
79 93 960
33 43 276
14 1 106
76 22 784
35 77 639
51 25 539
68 42 457
97 50 841
49 30 892
79 11 272
55 56 570
46 52 699
18 62 293
41 40 508
2 81 830
8 66 687
51 36 336
91 12 195
86 45 437
60 91 708
55 64 59
2 18 987
25 55 296
92 47 788
78 17 361
75 24 601
31 96 958
23 4 748
0 97 772
98 22 421
24 30 639
43 47 138
81 52 791
40 38 72
96 69 222
57 7 690
30 76 734
84 34 846
13 25 806
58 32 309
46 27 139
49 9 709
9 74 286
34 27 348
18 20 256
37 77 750
23 25 316
56 39 615
56 66 159
68 64 209
71 72 768
24 10 219
51 2 671
95 33 370
1 19 318
5 25 528
81 79 270
60 84 566
2 20 802
0 63 660
82 41 250
14 23 50
79 88 112
97 24 867
12 75 701
90 85 264
34 28 125
90 30 351
32 44 442
56 15 974
20 83 158
4 44 131
11 16 717
95 81 54
87 82 616
1 58 189
82 12 184
49 53 90
38 70 374
3 93 597
62 49 759
40 71 229
35 29 192
28 80 556
54 50 858
83 66 721
22 89 700
77 88 222
27 94 263
45 50 959
8 49 813
1 68 510
77 36 326
34 61 635
92 37 323
65 34 972
30 2 361
94 35 496
58 18 92
10 7 604
16 42 445
21 15 633
37 38 679
35 46 121
60 8 879
53 12 228
31 66 392
92 26 707
37 74 412
36 72 821
55 69 646
55 43 592
83 77 93
66 40 432
7 29 96
26 78 299
88 47 520
10 68 552
88 37 603
12 88 931
49 90 145
38 4 147
55 1 846
44 66 228
91 8 667
98 15 539
22 92 749
34 51 833
17 90 447
54 46 447
23 43 704
93 71 912
55 62 307
48 45 221
25 98 623
29 54 757
45 89 649
4 79 489
6 50 68
23 73 571
87 45 411
21 57 142
39 51 121
27 26 511
2 86 454
54 81 543
44 47 90
67 69 845
43 30 709
50 44 421
74 84 453
14 44 485
86 41 472
66 21 379
2 45 219
63 79 56
14 33 895
21 82 776
7 32 554
40 51 374
0 77 357
92 96 53
89 76 300
9 34 639
80 2 766
15 46 129
37 62 171
46 45 257
28 53 231
81 55 165
35 51 707
85 28 429
38 5 839
48 67 825
15 3 398
60 21 51
92 2 731
96 65 679
45 0 983
85 76 472
10 80 486
39 2 903
75 54 573
49 52 679
32 14 657
69 73 790
70 69 100
27 47 889
5 28 216
16 50 240
14 80 579
71 69 609
71 33 274
53 55 570
43 42 753
83 48 288
37 91 647
14 41 631
42 58 568
8 45 712
4 55 232
79 37 949
6 72 397
69 82 175
45 43 235
75 66 95
44 40 551
23 1 343
61 11 276
60 93 824
68 44 114
16 20 719
73 50 521
65 88 175
37 23 246
28 43 736
51 37 840
62 30 537
11 51 687
3 59 60
24 56 139
28 89 240
8 59 288
91 58 770
60 58 159
14 77 94
32 82 350
28 68 248
23 40 165
98 32 881
3 84 1000
41 10 958
93 51 992
34 4 379
29 62 526
65 77 707
5 86 408
70 71 912
19 92 73
33 94 904
77 12 662
38 25 121
44 99 848
78 52 598
41 79 203
17 57 695
86 51 233
22 19 865
5 30 745
94 81 305
27 69 380
87 60 696
21 59 851
28 17 111
5 2 861
26 18 684
49 40 681
6 88 266
32 95 824
89 52 631
19 49 376
67 80 751
19 56 196
89 98 334
54 68 193
31 20 81
34 29 310
0 93 616
55 16 458
10 83 346
82 46 472
85 8 332
51 99 893
93 21 578
55 77 182
24 5 995
26 22 889
51 22 135
80 51 290
19 61 782
71 50 225
52 86 863
5 66 273
0 40 184
12 45 671
34 81 248
54 37 673
53 91 608
11 93 216
79 50 619
0 73 206
13 6 157
60 45 383
2 76 659
44 63 337
75 33 658
40 91 71
91 29 828
99 90 803
9 24 256
27 67 525
33 85 216
43 34 320
71 64 838
14 75 592
37 53 466
60 35 384
87 31 820
41 66 836
98 18 426
54 39 910
56 50 492
48 40 339
72 14 809
4 63 861
35 79 624
67 90 389
33 97 949
33 98 465
51 43 844
60 23 923
89 75 841
57 56 433
82 98 824
43 80 992
98 83 293
68 57 96
94 70 296
80 68 700
87 26 181
67 66 862
57 72 336
94 6 844
49 81 993
25 4 467
80 42 276
13 41 660
72 12 909
9 90 586
20 13 256
8 95 966
4 5 673
66 59 477
59 82 829
25 82 809
84 56 60
72 1 104
14 37 542
33 16 330
45 77 563
57 48 383
14 42 947
9 26 371
7 54 994
8 37 450
48 10 988
2 95 335
20 55 140
65 59 270
97 49 148
66 27 226
74 23 481
50 72 787
2 36 561
98 73 548
29 57 239
17 15 127
67 63 512
66 89 647
20 35 190
1 39 685
83 56 499
31 69 224
43 15 52
55 97 103
22 65 53
73 14 552
57 96 63
65 69 781
39 55 876
7 13 781
46 29 134
99 88 107
1 61 57
1 88 223
4 16 121
54 47 629
47 90 326
18 15 925
6 23 447
15 93 573
69 28 877
72 9 705
98 60 410
74 28 933
48 63 408
96 9 694
7 89 94
8 12 579
9 62 123
64 72 321
14 94 170
7 43 298
92 11 893
4 22 517
80 15 387
5 56 967
2 43 587
39 85 935
94 37 911
27 70 499
73 42 999
34 18 351
88 92 847
53 84 269
88 2 101
52 94 268
11 38 818
8 74 358
19 64 630
93 9 823
11 19 791
31 37 717
78 45 262
84 22 100
27 51 713
14 93 982
11 97 713
86 78 724
83 11 672
75 45 951
53 85 777
37 75 641
17 59 457
36 8 489
76 1 240
62 92 247
24 93 575
21 3 207
38 76 349
97 53 271
1 35 331
12 18 242
36 74 484
19 58 492
8 44 782
29 96 224
70 16 484
9 59 542
76 44 585
74 69 745
41 35 217
93 5 622
49 58 355
35 28 385
31 11 134
24 57 445
69 15 724
76 95 138
64 80 726
64 53 688
62 99 700
42 61 190
58 57 595
93 94 113
60 42 841
99 66 947
51 97 860
87 74 765
75 67 98
17 66 667
55 23 613
33 41 374
2 16 680
64 16 946
85 66 761
87 77 539
39 18 286
20 66 721
76 32 687
16 48 963
85 14 267
27 68 225
90 74 212
0 6 180
13 68 669
17 51 640
39 64 649
99 84 233
71 60 689
56 9 828
49 78 869
23 10 585
55 12 475
7 63 252
12 35 50
51 78 187
30 80 640
36 63 967
32 53 204
68 98 167
91 1 671
75 20 815
87 70 444
99 4 413
35 21 596
82 3 451
85 70 897
72 91 267
51 77 900
58 56 670
26 49 164
42 55 270
70 24 988
67 36 200
40 9 90
14 20 52
63 16 400
45 95 205
18 60 574
40 2 987
17 31 581
45 34 58
35 3 872
30 61 129
21 99 911
12 94 98
26 68 417
73 58 888
62 48 418
19 46 873
21 28 747
21 23 96
0 89 441
62 17 319
42 23 550
78 96 744
65 27 770
38 77 658
91 22 924
6 17 367
5 92 367
18 80 139
66 11 904
55 50 248
52 43 238
76 63 316
63 53 694
42 1 365
29 63 486
46 22 589
88 17 142
87 62 449
93 44 721
62 5 771
67 99 452
46 28 691
84 20 149
64 7 931
42 18 63
58 95 420
78 91 346
40 75 226
18 27 173
33 60 220
84 8 785
10 57 108
65 56 336
20 21 333
20 30 157
13 44 878
47 17 204
25 41 298
85 10 124
38 18 109
99 10 155
38 75 667
33 74 70
24 96 971
35 10 450
69 81 633
80 71 555
27 84 64
33 90 201
59 62 737
45 79 255
57 47 255
20 81 835
77 10 856
91 16 225
53 18 73
14 90 602
2 89 516
1 54 247
5 89 147
42 6 494
31 23 450
25 17 524
57 59 907
60 94 498
40 22 57
72 3 685
6 73 227
44 57 468
92 8 956
77 21 579
63 64 195
43 49 839
0 54 371
88 39 200
36 27 623
45 25 407
86 3 396
9 33 863
43 94 862
34 82 450
89 87 256
93 37 434
47 3 827
85 99 80
94 20 342
59 14 227
26 32 598
36 41 662
54 83 61
44 25 801
53 75 957
98 48 647
18 85 825
0 41 623
41 78 509
62 80 163
58 33 517
23 8 59
88 3 85
79 16 270
78 42 964
47 40 419
23 39 656
25 36 658
90 39 483
7 55 829
29 81 527
40 76 539
74 81 657
63 28 777
66 72 621
0 98 304
82 36 349
43 13 474
62 70 565
88 44 913
86 54 534
4 33 559
22 90 761
46 98 520
25 28 567
86 49 964
99 23 325
4 88 147
90 3 984
76 12 139
97 6 199
27 86 547
5 45 608
77 98 338
52 88 328
99 86 179
33 92 93
62 77 388
35 85 128
6 65 62
41 43 530
92 85 327
49 82 218
34 98 966
2 54 417
21 65 284
53 86 645
64 70 764
6 67 933
94 85 940
27 92 272
63 3 392
77 89 291
24 74 464
1 51 330
93 38 229
99 5 145
35 42 593
64 47 972
12 14 72
80 84 973
86 84 111
63 94 850
87 63 480
71 18 458
16 68 89
74 78 128
50 3 319
21 44 156
76 79 552
71 36 366
30 75 420
35 6 330
98 41 722
55 37 146
63 23 502
24 21 678
65 98 895
85 41 949
10 59 667
11 99 340
84 17 93
9 64 643
39 29 467
49 39 347
32 62 293
23 66 273
27 19 69
96 56 226
34 26 719
38 26 964
64 24 260
60 81 569
54 93 308
19 59 983
0 24 184
36 26 165
90 46 462
90 84 332
89 20 624
34 38 495
77 44 697
26 8 476
28 81 871
31 94 140
4 39 218
51 23 839
94 57 207
20 95 122
31 15 64
86 20 438
17 8 266
63 47 421
15 30 353
22 29 545
10 11 170
49 59 86
61 10 265
13 95 212
27 98 227
79 94 107
88 66 323
42 84 318
54 84 578
6 19 636
0 20 636
10 97 969
54 26 647
39 83 323
53 90 142
40 42 514
62 23 166
66 30 602
47 86 700
95 74 844
60 76 925
94 45 525
84 18 570
62 35 930
44 62 381
64 89 53
14 92 63
87 90 894
25 60 753
27 57 281
32 11 656
92 87 315
30 71 476
26 94 344
82 5 377
1 41 246
8 20 373
52 35 929
43 25 395
21 4 615
41 23 355
63 99 913
34 76 473
15 71 831
21 46 313
60 43 566
34 0 238
6 63 223
37 33 246
89 4 625
32 43 931
54 3 270
54 34 347
33 8 966
70 80 624
70 93 590
92 59 738
48 97 754
64 25 663
18 45 957
97 88 596
67 96 622
33 52 340
10 42 115
50 94 609
17 65 845
37 52 424
81 39 214
36 44 864
97 79 623
16 30 91
19 21 714
65 68 520
36 20 244
44 58 793
39 32 406
82 4 126
69 61 424
27 97 62
61 4 260
95 31 203
31 70 288
74 31 673
95 17 685
2 48 762
98 59 666
38 28 406
52 84 550
25 92 66
70 58 912
71 55 719
0 55 109
62 10 269
89 70 424
77 57 739
56 44 976
91 93 777
10 46 799
39 6 688
31 54 954
94 96 441
50 11 470
19 73 744
10 27 52
99 95 438
99 89 201
57 6 547
73 52 202
52 87 568
18 41 269
87 67 675
66 7 307
82 42 722
67 13 582
61 23 735
57 50 912
80 17 423
89 73 281
72 47 551
82 48 321
83 76 887
27 17 602
81 61 311
4 9 351
77 42 357
38 0 419
28 24 812
89 26 654
41 51 678
34 36 325
12 23 524
29 75 406
9 46 278
87 84 171
99 75 253
82 88 736
67 54 135
26 83 897
42 46 755
51 81 470
3 27 585
43 57 432
11 44 844
65 78 111
46 47 506
69 76 427
23 57 859
56 94 644
39 41 610
69 43 565
2 42 624
76 48 313
41 7 921
87 36 230
83 14 162
64 59 667
85 73 421
69 2 512
76 15 924
50 70 128
12 20 617
85 24 585
30 12 243
47 81 944
16 59 476
85 13 610
30 32 279
75 1 961
39 57 674
53 26 365
31 50 582
10 38 173
49 74 791
97 5 679
92 97 426
19 28 517
98 45 688
49 36 714
19 15 397
53 67 81
42 56 978
38 55 55
49 32 559
88 54 698
99 79 817
61 15 759
20 92 966
69 51 477
80 73 452
85 69 304
92 38 996
16 52 442
80 39 156
12 61 901
89 18 208
72 5 729
18 47 365
40 79 445
63 81 913
95 50 869
45 53 230
49 48 686
58 79 739
59 27 288
91 27 264
60 67 960
44 96 927
87 44 79
41 4 403
62 39 314
19 86 662
23 95 916
50 19 649
13 35 666
90 5 749
52 1 935
88 38 983
31 62 822
3 30 622
36 31 329
4 49 559
3 42 168
11 13 476
58 12 703
25 80 914
13 23 147
13 0 89
65 38 446
45 29 498
67 20 404
30 53 377
66 43 348
26 56 616
11 87 564
34 90 834
0 23 449
8 3 229
20 43 864
15 54 871
29 73 292
78 56 405
30 97 898
67 86 166
45 20 611
56 81 810
50 62 632
10 0 851
20 48 729
4 64 422
43 17 953
4 53 702
30 19 98
74 93 490
42 36 341
98 92 543
53 43 127
37 64 258
85 5 184
18 9 465
74 5 317
73 3 788
38 64 632
59 12 447
28 3 664
48 50 768
87 85 736
19 35 419
76 65 861
69 45 57
56 86 332
2 61 152
39 60 287
43 75 798
38 62 646
27 25 375
10 30 668
75 63 507
6 92 473
4 77 291
67 59 691
30 91 570
85 1 367
3 37 456
64 81 70
65 49 522
13 84 236
16 67 819
74 76 970
57 80 978
93 95 842
13 93 113
89 74 497
10 70 951
20 85 667
25 9 325
18 93 201
86 1 840
36 35 438
91 48 231
70 73 835
1 45 303
69 44 192
24 91 106
96 42 956
6 89 266
19 85 971
65 85 262
18 63 872
97 44 394
86 81 852
32 1 450
17 44 385
84 35 412
31 75 252
13 94 639
55 60 461
47 59 478
70 96 89
68 51 327
72 44 66
87 38 488
93 46 578
56 10 742
91 85 193
56 29 625
26 29 181
64 61 806
33 79 106
89 38 818
97 4 137
66 70 771
11 46 180
58 6 344
73 99 790
48 42 841
25 52 77
56 13 835
18 86 272
28 32 728
51 38 747
91 61 215
14 76 643
61 82 219
34 87 319
85 56 298
72 52 791
10 94 852
39 48 677
92 23 843
24 1 851
7 80 175
54 41 319
86 12 577
19 8 906
54 79 527
82 40 445
83 25 728
50 39 358
92 83 209
54 35 539
42 69 916
7 69 997
80 37 302
39 63 97
78 90 485
65 87 341
11 45 505
15 16 432
4 83 631
1 8 577
65 9 352
26 15 593
54 18 411
41 64 295
76 47 304
28 67 495
63 59 685
15 42 839
57 65 390
49 96 524
33 77 214
39 20 621
94 30 733
1 99 435
89 42 525
53 46 126
44 51 836
5 3 260
53 65 663
49 34 265
72 92 870
15 75 494
79 65 592
97 68 755
74 80 186
98 69 527
23 87 697
24 27 928
95 79 114
83 24 817
24 84 139
24 63 237
33 36 257
61 95 583
63 73 925
74 22 829
8 9 973
89 32 408
71 87 515
2 56 682
77 23 559
28 64 779
64 85 115
89 86 414
14 30 161
32 46 854
99 38 562
51 55 760
75 8 389
54 48 483
97 17 705
48 65 666
97 94 149
25 68 483
49 64 267
61 49 238
69 24 108
26 16 361
6 32 180
60 64 698
29 11 928
74 67 608
84 6 945
5 98 533
98 95 89
48 60 773
31 45 939
50 92 273
3 16 281
47 21 538
59 38 89
73 66 795
91 36 358
67 5 525
35 48 841
51 19 160
87 57 461
92 39 192
60 52 501
26 71 975
91 74 658
86 85 407
61 68 324
44 23 467
9 11 788
65 29 60
32 48 663
20 42 297
81 18 381
41 65 255
92 35 437
49 51 575
70 91 270
66 9 376
50 51 932
66 35 406
80 9 186
33 59 350
61 6 651
85 61 992
37 35 789
48 55 778
36 85 898
89 9 556
4 56 909
80 23 954
73 34 146
77 99 534
46 70 69
76 33 376
49 79 847
2 33 239
73 91 739
99 16 625
11 74 682
44 24 472
92 89 993
26 98 299
71 3 440
92 67 973
75 0 918
2 3 504
22 53 684
96 66 950
34 14 478
18 59 631
13 40 797
6 27 53
89 97 724
10 15 261
17 83 205
10 91 223
3 43 253
33 73 265
14 15 390
77 7 676
7 28 231
69 52 301
58 22 239
53 89 492
82 91 755
70 11 875
27 85 87
77 27 190
55 73 688
61 54 337
41 63 845
53 57 270
2 65 658
32 35 456
8 57 684
66 6 424
25 97 304
65 23 853
27 31 90
39 66 698
55 40 666
47 79 720
23 89 259
86 25 332
80 95 115
95 34 364
90 6 675
54 58 864
18 99 207
47 33 579
43 16 580
64 93 214
36 96 707
89 68 659
41 55 682
59 56 381
17 77 272
65 30 327
26 5 99
85 0 334
10 22 362
23 79 625
33 21 784
2 67 540
39 61 705
54 57 85
79 26 846
80 89 173
81 44 828
50 22 667
88 61 905
16 90 344
48 29 831
1 43 860
45 51 942
36 58 809
81 80 512
25 72 472
41 71 541
3 48 176
85 93 298
80 83 98
21 14 253
41 22 543
23 53 410
30 38 566
16 77 578
6 98 595
18 28 786
89 72 261
81 11 90
6 93 154
87 5 227
84 0 712
30 1 384
31 99 406
7 78 481
41 19 499
55 75 225
78 57 727
71 45 235
74 79 225
24 72 114
78 22 837
26 70 176
40 92 704
12 5 846
50 30 538
30 92 266
66 51 470
48 66 187
29 78 799
4 67 441
21 80 363
59 52 647
52 38 590
0 70 549
90 54 950
25 58 71
6 95 761
92 29 890
80 19 133
72 65 574
70 40 871
27 83 764
11 59 997
30 89 251
62 57 771
68 59 476
43 93 725
8 13 981
4 78 538
10 86 862
37 71 887
76 43 590
48 96 596
47 97 694
24 11 145
53 19 391
55 45 271
85 96 107
91 75 462
2 27 410
77 72 914
66 53 613
81 85 965
91 6 444
25 35 815
93 45 303
11 60 722
58 89 473
89 57 573
22 34 462
13 21 332
94 62 199
91 89 590
40 27 814
75 11 688
61 35 291
87 78 673
11 54 378
46 0 948
79 34 387
98 85 344
91 88 697
38 21 503
44 43 340
11 5 577
73 67 357
17 26 953
33 11 545
99 8 239
41 93 829
96 10 590
68 8 986
28 73 836
48 46 124
2 77 867
64 29 951
22 80 367
95 68 734
49 0 854
80 98 339
68 85 454
95 57 516
13 80 230
30 21 88
38 24 71
78 99 964
33 68 532
72 2 572
33 13 344
44 98 729
89 61 605
39 44 337
7 0 497
96 58 318
67 98 133
71 91 806
41 37 650
34 80 599
41 52 901
70 60 178
34 52 823
66 10 692
99 83 929
99 71 265
26 75 517
58 85 834
91 56 959
58 13 204
6 20 862
92 56 527
81 0 66
95 72 972
68 73 524
80 44 469
13 98 106
97 67 876
63 57 835
42 72 861
8 6 173
88 55 239
49 10 176
90 45 587
91 19 945
9 31 863
91 76 987
18 24 764
38 29 274
76 37 305
68 5 367
28 86 431
76 0 221
65 39 194
94 19 72
39 77 451
68 18 143
94 32 311
85 60 899
69 86 632
97 46 457
61 33 366
78 81 148
69 93 142
8 54 153
25 61 721
68 0 733
17 10 527
58 46 793
24 60 789
74 42 861
50 65 787
70 76 932
70 47 905
20 29 973
45 72 651
12 87 827
8 56 805
99 76 943
19 78 64
15 41 586
13 82 184
72 19 880
48 87 424
13 1 588
19 43 539
95 67 690
18 97 264
63 65 410
73 4 644
40 17 58
30 86 507
43 35 463
29 90 172
20 9 788
48 74 65
99 56 463
57 92 566
50 90 985
12 85 740
70 3 881
45 56 673
2 29 250
8 89 593
76 7 779
65 26 942
42 17 295
1 59 55
73 25 66
48 38 296
94 68 526
1 3 473
4 37 85
28 94 525
90 7 714
63 52 783
87 3 750
86 79 949
45 22 953
71 79 283
18 90 386
74 0 634
71 9 894
70 61 890
46 4 637
99 35 852
92 71 358
6 12 167
92 68 968
30 37 320
73 21 730
91 41 518
10 54 981
51 82 440
62 76 673
59 99 501
10 37 450
54 55 602
5 47 985
24 13 832
93 65 248
87 22 671
74 58 770
9 23 767
22 59 292
76 5 106
76 59 665
0 30 701
76 42 223
24 37 903
81 87 348
15 4 813
85 75 624
27 41 75
22 82 671
66 18 828
12 25 891
48 18 824
61 53 177
31 44 186
9 0 379
3 29 582
97 69 558
73 9 159
95 59 868
49 57 555
64 57 559
79 22 238
65 25 666
74 52 111
9 91 850
94 38 148
72 31 744
49 35 322
47 48 912
28 59 565
23 52 735
55 29 209
21 10 587
89 25 945
77 90 501
34 78 946
91 18 133
66 94 189
60 19 302
43 64 440
31 68 648
62 28 595
54 73 155
36 80 480
50 35 595
11 22 127
61 18 145
95 55 730
65 99 264
3 20 56
47 7 237
1 34 698
7 53 438
99 13 893
38 90 442
21 72 221
22 14 631
60 37 539
95 86 728
73 47 414
86 82 785
21 7 292
20 25 368
21 94 301
96 87 469
73 44 98
29 69 796
21 27 794
58 78 826
30 99 512
86 8 290
48 5 314
10 16 527
57 82 942
92 13 563
14 88 976
86 62 895
33 40 86
53 59 641
70 92 382
11 95 434
82 95 107
88 36 699
40 25 802
39 94 492
84 85 196
15 36 931
58 27 572
23 69 470
17 94 280
81 8 301
68 21 603
84 23 184
11 52 521
53 9 161
8 18 701
42 51 925
7 85 299
72 90 642
39 45 294
67 61 978
45 64 439
80 97 434
65 31 171
53 17 394
28 23 290
14 74 557
59 51 118
60 92 731
38 66 386
43 90 509
58 77 251
8 88 995
9 70 369
75 86 707
90 11 909
56 48 782
0 3 811
36 57 519
88 87 366
37 98 538
6 78 919
16 82 929
29 59 417
17 72 615
2 46 593
33 18 683
14 17 689
91 68 436
7 94 891
43 56 230
46 94 625
56 98 840
84 7 849
26 91 577
4 17 318
40 99 889
14 89 469
64 1 819
45 97 682
53 52 744
5 34 149
93 78 752
98 7 143
71 75 241
10 47 806
78 46 723
58 45 586
72 81 109
89 47 847
24 22 307
20 34 689
20 41 695
55 74 180
18 55 823
10 13 333
12 49 549
17 81 400
67 45 158
53 94 274
88 24 161
82 0 766
20 27 890
15 38 263
73 88 404
94 64 705
93 19 470
94 74 749
24 95 617
63 85 689
49 93 695
80 35 295
16 84 489
15 47 298
17 32 579
70 55 454
20 26 488
36 98 629
61 17 778
58 83 832
34 37 220
9 22 256
21 85 353
36 86 170
17 52 363
29 44 260
26 69 190
16 7 79
26 25 621
76 45 104
54 89 369
48 95 975
34 83 215
33 17 957
3
0 35 9
1 96 9
2 44 9
500
