20
187
0 459 914
1 680 632
2 310 725
3 499 867
4 456 724
5 841 416
6 937 714
7 424 655
8 220 541
9 905 509
10 610 988
11 444 485
12 277 805
13 590 719
14 225 396
15 614 535
16 919 347
17 858 403
18 795 418
19 351 426
15 10 556
19 3 400
14 17 367
8 9 136
0 19 313
3 15 482
10 13 186
13 12 383
0 9 105
10 14 348
4 10 810
9 18 651
6 4 739
18 2 384
6 16 621
4 16 522
2 8 819
17 11 152
3 6 851
0 4 340
14 0 829
15 2 791
5 8 721
14 1 784
0 7 334
11 1 564
2 3 629
4 12 737
2 9 900
6 5 325
14 13 309
3 18 988
12 0 866
12 8 106
4 11 413
19 17 206
3 5 732
8 6 268
16 14 346
10 17 305
10 12 627
5 14 74
6 0 198
15 1 742
7 5 409
18 10 855
0 5 434
4 5 349
5 17 930
6 1 698
13 2 121
16 3 858
11 3 257
5 9 597
17 6 987
1 3 546
5 15 775
14 18 484
6 13 329
5 11 121
17 4 782
8 16 308
19 9 433
4 14 914
11 12 347
12 5 136
7 19 427
10 8 951
16 7 943
18 8 122
1 13 436
12 15 795
10 0 304
10 2 933
17 15 957
16 1 518
16 9 255
18 13 576
13 16 900
17 0 824
13 11 822
9 10 314
3 4 627
6 14 352
18 17 627
14 15 158
15 4 381
8 4 603
13 17 355
12 2 332
0 3 105
12 9 644
14 2 265
19 14 852
2 4 527
5 10 664
14 12 115
16 0 784
19 12 881
9 17 827
0 15 599
18 15 596
3 8 240
8 15 398
2 6 892
5 2 145
12 18 134
14 9 603
0 1 715
17 16 425
0 2 252
12 1 426
13 7 416
1 5 685
1 2 417
15 9 65
1 8 300
16 2 778
16 11 582
16 10 893
17 1 988
13 5 354
7 4 206
17 7 759
0 8 976
5 16 73
10 19 672
5 19 990
19 2 866
14 8 338
5 18 778
6 9 623
7 14 178
10 7 448
2 7 602
8 13 886
3 10 312
7 11 406
13 9 822
6 19 968
3 12 441
3 13 407
3 7 337
19 15 58
8 7 645
1 7 817
19 1 327
17 2 943
13 15 900
6 10 355
9 11 176
19 18 613
7 6 107
9 1 729
0 13 946
11 14 148
16 12 650
7 15 472
15 11 728
18 4 532
9 4 917
11 2 675
8 19 426
11 0 421
18 16 90
0 18 320
19 16 415
15 16 806
3 9 703
7 9 911
19 4 359
19 11 740
13 19 363
4 13 483
14 3 208
10 1 715
6 18 835
6 12 996
10 11 333
8 11 371
4 1 94
12 17 798
18 1 59
6 11 548
6 15 359
8 17 197
11 18 305
3
0 11 9
1 16 9
2 7 9
500
