30
432
0 450 467
1 731 963
2 402 482
3 606 857
4 887 577
5 960 794
6 552 599
7 814 225
8 519 219
9 946 377
10 711 842
11 691 692
12 883 309
13 268 408
14 215 569
15 345 783
16 803 264
17 933 260
18 497 892
19 633 497
20 762 395
21 747 885
22 322 808
23 772 579
24 922 246
25 771 402
26 279 976
27 754 582
28 647 227
29 659 533
20 29 202
4 9 802
2 4 423
8 13 149
26 16 219
29 10 83
11 25 940
5 18 893
19 18 354
19 12 367
13 19 766
22 8 691
3 28 720
12 8 274
11 16 422
0 15 81
22 14 394
12 11 474
1 12 863
4 26 242
2 12 376
27 19 902
20 5 487
10 6 68
20 3 968
22 23 988
6 17 662
22 2 608
13 4 163
1 9 915
13 26 176
22 24 600
2 17 215
11 1 50
2 25 106
2 24 340
12 5 783
14 28 238
28 15 939
17 9 120
5 11 828
6 15 867
3 16 270
0 20 341
21 4 567
19 15 299
10 20 996
13 0 826
28 13 836
11 22 602
12 25 75
16 4 953
19 2 686
10 25 355
7 24 267
2 23 77
8 15 238
0 2 703
17 5 744
13 24 183
15 3 280
8 29 307
20 21 635
3 26 609
5 14 319
23 16 608
15 27 360
2 5 463
28 20 249
26 0 264
7 5 695
29 14 610
25 17 668
16 17 437
19 7 958
25 16 62
23 1 691
19 8 747
18 23 266
19 14 558
18 21 234
10 12 366
20 15 696
2 20 845
14 25 748
10 27 362
2 16 931
27 9 437
21 13 186
18 6 901
15 7 606
5 6 959
27 29 154
15 16 527
8 27 714
6 1 953
4 7 428
10 1 591
28 21 366
4 14 460
12 7 956
6 7 75
11 21 654
26 21 345
27 11 898
20 24 56
27 2 989
14 15 525
11 8 433
6 9 930
2 18 550
10 16 886
7 25 190
27 14 627
3 5 394
12 4 940
3 17 771
10 24 977
4 10 747
21 24 609
9 29 780
8 0 843
4 24 93
13 1 937
1 21 323
7 3 924
0 14 142
24 3 685
8 5 615
21 27 146
15 4 531
21 2 667
0 11 490
13 17 439
10 14 514
17 0 984
19 9 894
21 9 635
23 10 575
11 4 435
24 6 604
0 21 449
25 28 145
23 0 812
22 25 184
16 24 794
1 22 860
26 15 100
27 7 317
17 14 450
9 5 849
6 21 739
29 26 886
12 21 378
27 16 557
26 25 91
2 9 711
12 23 578
2 14 842
11 7 423
3 13 939
12 27 707
28 23 265
29 13 385
0 16 329
15 1 894
11 18 678
5 0 813
18 9 951
19 4 184
20 17 748
0 22 468
10 3 131
7 16 409
11 23 273
16 20 999
7 0 741
17 23 474
17 27 382
28 16 848
25 5 289
24 27 158
5 10 751
25 3 941
4 20 610
29 21 84
16 1 275
22 19 133
13 25 681
9 24 85
11 9 593
28 17 899
7 18 187
21 16 506
3 11 838
24 18 666
16 13 381
25 27 247
2 10 979
11 10 430
17 22 334
1 14 772
17 4 544
26 22 192
4 5 481
7 1 963
14 3 287
19 1 199
0 6 772
29 6 137
14 7 327
14 9 466
7 13 859
26 27 520
13 10 859
4 23 319
1 2 254
21 14 454
15 17 701
19 26 492
28 2 828
18 14 404
0 27 142
19 20 453
19 17 707
28 1 717
3 6 178
21 5 818
12 3 779
13 14 209
2 29 61
29 12 67
2 13 757
11 26 487
29 7 699
18 26 409
12 15 512
25 9 428
22 20 959
5 24 243
21 3 742
7 26 104
25 6 271
18 13 67
15 11 745
7 9 272
0 12 637
16 6 774
5 26 408
8 23 210
17 29 502
19 16 664
12 13 376
15 10 936
29 5 226
6 11 746
29 1 813
8 14 392
8 2 100
16 8 327
25 21 100
10 18 476
9 12 759
12 16 186
3 4 951
3 1 385
6 14 144
16 9 94
24 25 76
4 8 957
23 21 866
24 19 259
18 1 672
9 3 335
5 28 206
23 26 344
29 4 518
8 7 859
23 9 342
1 8 678
28 19 222
27 22 992
23 29 950
13 23 469
27 5 725
24 14 600
7 17 776
22 6 135
14 12 517
24 29 614
6 28 624
8 28 783
29 15 403
20 7 682
18 27 960
3 22 501
18 8 518
0 10 710
0 28 806
23 25 386
26 24 762
25 20 343
25 1 654
24 12 344
17 10 331
12 6 674
20 12 537
9 10 612
4 25 655
22 28 736
16 18 119
26 17 413
26 12 259
13 9 747
11 2 594
15 25 876
13 11 1000
29 28 946
13 15 128
6 27 647
20 26 285
24 17 841
3 18 742
0 3 974
19 0 652
23 14 430
29 22 141
6 23 449
27 28 343
24 23 188
6 20 422
27 20 425
4 22 655
26 28 373
9 28 124
14 26 402
21 8 824
15 23 735
8 24 748
10 28 369
9 20 610
3 19 500
27 13 149
12 17 155
29 18 328
6 4 749
11 19 558
24 1 499
9 22 477
20 11 959
23 27 886
5 13 597
3 8 916
4 18 185
18 0 94
10 22 339
24 28 297
25 29 712
0 9 930
22 5 399
8 6 806
1 4 178
12 18 893
6 13 55
15 18 517
20 14 722
3 29 636
22 12 825
11 28 963
14 11 857
4 27 528
25 0 97
15 5 55
25 19 750
27 1 63
1 20 66
29 16 930
2 15 943
1 5 72
10 21 309
19 5 646
0 24 470
19 6 592
23 7 694
0 1 840
17 8 688
11 29 522
7 21 512
26 2 164
3 27 290
11 17 586
10 8 589
18 20 299
15 22 421
7 22 569
0 4 918
10 7 630
11 24 97
8 25 363
18 28 963
14 16 171
17 1 949
9 26 758
8 9 659
28 4 692
23 5 357
22 21 555
22 13 847
16 5 442
24 15 105
26 6 146
8 20 494
28 7 833
26 8 216
12 28 281
16 22 861
1 26 874
17 21 451
3 2 965
23 20 830
21 19 158
19 10 227
2 6 442
15 9 744
10 26 369
20 13 827
17 18 316
0 29 263
29 19 596
21 15 285
2 7 408
23 3 805
3
0 28 9
1 25 9
2 1 9
500
