15
102
0 987 283
1 256 237
2 626 942
3 265 537
4 290 890
5 596 587
6 476 314
7 307 837
8 986 407
9 243 788
10 681 838
11 980 469
12 827 497
13 531 799
14 326 289
10 11 923
3 10 743
0 14 438
4 10 236
12 7 994
9 6 945
10 8 322
14 2 690
5 9 302
13 10 574
4 6 826
6 8 910
1 13 742
6 1 355
1 5 901
7 0 318
1 14 531
5 13 719
13 8 294
2 9 96
9 13 317
9 0 83
10 6 316
1 12 345
11 4 929
12 5 188
8 1 567
4 0 813
5 11 641
7 9 254
14 4 125
12 11 782
11 3 150
6 7 442
10 12 283
0 6 860
4 2 132
13 12 380
5 0 700
10 9 521
11 8 200
8 7 464
2 12 455
11 2 710
1 2 448
7 5 487
10 7 164
6 3 533
4 13 761
5 3 124
11 9 343
9 4 360
2 8 148
7 2 298
4 5 405
3 9 266
3 13 943
9 1 314
14 11 523
10 0 527
7 11 53
3 8 526
4 8 962
5 8 115
0 8 195
14 3 139
4 12 363
5 14 563
14 8 433
7 14 243
11 1 366
14 9 218
1 7 540
12 9 944
5 2 364
0 3 800
6 13 386
7 4 289
5 10 877
0 2 856
12 14 608
13 0 668
10 1 584
3 1 578
10 14 812
2 3 786
13 14 810
8 9 252
0 1 284
13 7 475
12 3 779
4 1 514
4 3 477
6 2 371
0 11 474
13 11 572
3 7 227
5 6 764
8 12 580
0 12 647
12 6 630
14 6 904
5
0 11 9
1 14 9
2 2 9
3 14 9
4 14 9
500
